facet normal 1,735686E-001 -3,060776E-002 -9,843460E-001
vertex 1,606960E001 -5,848800E000 -4,698460E001
vertex 0,000000E000 0,000000E000 -5,000000E001
vertex 1,710100E001 0,000000E000 -4,698460E001
AddAttr = 0
endfacet
facet normal 1,526356E-001 -8,812122E-002 -9,843460E-001
vertex 1,310010E001 -1,099230E001 -4,698460E001
vertex 0,000000E000 0,000000E000 -5,000000E001
vertex 1,606960E001 -5,848800E000 -4,698460E001
AddAttr = 0
endfacet
facet normal 1,132883E-001 -1,350135E-001 -9,843460E-001
vertex 8,550400E000 -1,480990E001 -4,698460E001
vertex 0,000000E000 0,000000E000 -5,000000E001
vertex 1,310010E001 -1,099230E001 -4,698460E001
AddAttr = 0
endfacet
facet normal 6,027787E-002 -1,656187E-001 -9,843460E-001
vertex 2,969500E000 -1,684110E001 -4,698460E001
vertex 0,000000E000 0,000000E000 -5,000000E001
vertex 8,550400E000 -1,480990E001 -4,698460E001
AddAttr = 0
endfacet
facet normal 0,000000E000 -1,762472E-001 -9,843459E-001
vertex -2,969500E000 -1,684110E001 -4,698460E001
vertex 0,000000E000 0,000000E000 -5,000000E001
vertex 2,969500E000 -1,684110E001 -4,698460E001
AddAttr = 0
endfacet
facet normal -6,027686E-002 -1,656189E-001 -9,843460E-001
vertex -8,550500E000 -1,480990E001 -4,698460E001
vertex 0,000000E000 0,000000E000 -5,000000E001
vertex -2,969500E000 -1,684110E001 -4,698460E001
AddAttr = 0
endfacet
facet normal -1,132895E-001 -1,350121E-001 -9,843461E-001
vertex -1,310010E001 -1,099230E001 -4,698460E001
vertex 0,000000E000 0,000000E000 -5,000000E001
vertex -8,550500E000 -1,480990E001 -4,698460E001
AddAttr = 0
endfacet
facet normal -1,526356E-001 -8,812122E-002 -9,843460E-001
vertex -1,606960E001 -5,848800E000 -4,698460E001
vertex 0,000000E000 0,000000E000 -5,000000E001
vertex -1,310010E001 -1,099230E001 -4,698460E001
AddAttr = 0
endfacet
facet normal -1,735686E-001 -3,060776E-002 -9,843460E-001
vertex -1,710100E001 0,000000E000 -4,698460E001
vertex 0,000000E000 0,000000E000 -5,000000E001
vertex -1,606960E001 -5,848800E000 -4,698460E001
AddAttr = 0
endfacet
facet normal -1,735686E-001 3,060776E-002 -9,843460E-001
vertex -1,606960E001 5,848800E000 -4,698460E001
vertex 0,000000E000 0,000000E000 -5,000000E001
vertex -1,710100E001 0,000000E000 -4,698460E001
AddAttr = 0
endfacet
facet normal -1,526356E-001 8,812122E-002 -9,843460E-001
vertex -1,310010E001 1,099230E001 -4,698460E001
vertex 0,000000E000 0,000000E000 -5,000000E001
vertex -1,606960E001 5,848800E000 -4,698460E001
AddAttr = 0
endfacet
facet normal -1,132883E-001 1,350135E-001 -9,843460E-001
vertex -8,550400E000 1,480990E001 -4,698460E001
vertex 0,000000E000 0,000000E000 -5,000000E001
vertex -1,310010E001 1,099230E001 -4,698460E001
AddAttr = 0
endfacet
facet normal -6,027787E-002 1,656187E-001 -9,843460E-001
vertex -2,969500E000 1,684110E001 -4,698460E001
vertex 0,000000E000 0,000000E000 -5,000000E001
vertex -8,550400E000 1,480990E001 -4,698460E001
AddAttr = 0
endfacet
facet normal 0,000000E000 1,762472E-001 -9,843459E-001
vertex 2,969500E000 1,684110E001 -4,698460E001
vertex 0,000000E000 0,000000E000 -5,000000E001
vertex -2,969500E000 1,684110E001 -4,698460E001
AddAttr = 0
endfacet
facet normal 6,027686E-002 1,656189E-001 -9,843460E-001
vertex 8,550500E000 1,480990E001 -4,698460E001
vertex 0,000000E000 0,000000E000 -5,000000E001
vertex 2,969500E000 1,684110E001 -4,698460E001
AddAttr = 0
endfacet
facet normal 1,132895E-001 1,350121E-001 -9,843461E-001
vertex 1,310010E001 1,099230E001 -4,698460E001
vertex 0,000000E000 0,000000E000 -5,000000E001
vertex 8,550500E000 1,480990E001 -4,698460E001
AddAttr = 0
endfacet
facet normal 1,526356E-001 8,812122E-002 -9,843460E-001
vertex 1,606960E001 5,848800E000 -4,698460E001
vertex 0,000000E000 0,000000E000 -5,000000E001
vertex 1,310010E001 1,099230E001 -4,698460E001
AddAttr = 0
endfacet
facet normal 1,735686E-001 3,060776E-002 -9,843460E-001
vertex 1,710100E001 0,000000E000 -4,698460E001
vertex 0,000000E000 0,000000E000 -5,000000E001
vertex 1,606960E001 5,848800E000 -4,698460E001
AddAttr = 0
endfacet
facet normal 4,980691E-001 -8,783143E-002 -8,626777E-001
vertex 1,710100E001 0,000000E000 -4,698460E001
vertex 3,213930E001 0,000000E000 -3,830220E001
vertex 1,606960E001 -5,848800E000 -4,698460E001
AddAttr = 0
endfacet
facet normal 4,980679E-001 -8,782637E-002 -8,626789E-001
vertex 3,020100E001 -1,099220E001 -3,830220E001
vertex 1,606960E001 -5,848800E000 -4,698460E001
vertex 3,213930E001 0,000000E000 -3,830220E001
AddAttr = 0
endfacet
facet normal 4,379975E-001 -2,528693E-001 -8,626791E-001
vertex 1,606960E001 -5,848800E000 -4,698460E001
vertex 3,020100E001 -1,099220E001 -3,830220E001
vertex 1,310010E001 -1,099230E001 -4,698460E001
AddAttr = 0
endfacet
facet normal 4,379968E-001 -2,528750E-001 -8,626778E-001
vertex 2,462010E001 -2,065870E001 -3,830220E001
vertex 1,310010E001 -1,099230E001 -4,698460E001
vertex 3,020100E001 -1,099220E001 -3,830220E001
AddAttr = 0
endfacet
facet normal 3,250900E-001 -3,874323E-001 -8,626776E-001
vertex 1,310010E001 -1,099230E001 -4,698460E001
vertex 2,462010E001 -2,065870E001 -3,830220E001
vertex 8,550400E000 -1,480990E001 -4,698460E001
AddAttr = 0
endfacet
facet normal 3,250912E-001 -3,874298E-001 -8,626783E-001
vertex 1,606960E001 -2,783340E001 -3,830220E001
vertex 8,550400E000 -1,480990E001 -4,698460E001
vertex 2,462010E001 -2,065870E001 -3,830220E001
AddAttr = 0
endfacet
facet normal 1,729721E-001 -4,752561E-001 -8,626774E-001
vertex 8,550400E000 -1,480990E001 -4,698460E001
vertex 1,606960E001 -2,783340E001 -3,830220E001
vertex 2,969500E000 -1,684110E001 -4,698460E001
AddAttr = 0
endfacet
facet normal 1,729782E-001 -4,752505E-001 -8,626793E-001
vertex 5,580900E000 -3,165100E001 -3,830220E001
vertex 2,969500E000 -1,684110E001 -4,698460E001
vertex 1,606960E001 -2,783340E001 -3,830220E001
AddAttr = 0
endfacet
facet normal 0,000000E000 -5,057513E-001 -8,626793E-001
vertex 2,969500E000 -1,684110E001 -4,698460E001
vertex 5,580900E000 -3,165100E001 -3,830220E001
vertex -2,969500E000 -1,684110E001 -4,698460E001
AddAttr = 0
endfacet
facet normal 0,000000E000 -5,057513E-001 -8,626793E-001
vertex -5,580900E000 -3,165100E001 -3,830220E001
vertex -2,969500E000 -1,684110E001 -4,698460E001
vertex 5,580900E000 -3,165100E001 -3,830220E001
AddAttr = 0
endfacet
facet normal -1,729678E-001 -4,752527E-001 -8,626801E-001
vertex -2,969500E000 -1,684110E001 -4,698460E001
vertex -5,580900E000 -3,165100E001 -3,830220E001
vertex -8,550500E000 -1,480990E001 -4,698460E001
AddAttr = 0
endfacet
facet normal -1,729792E-001 -4,752534E-001 -8,626775E-001
vertex -1,606960E001 -2,783340E001 -3,830220E001
vertex -8,550500E000 -1,480990E001 -4,698460E001
vertex -5,580900E000 -3,165100E001 -3,830220E001
AddAttr = 0
endfacet
facet normal -3,250947E-001 -3,874295E-001 -8,626771E-001
vertex -8,550500E000 -1,480990E001 -4,698460E001
vertex -1,606960E001 -2,783340E001 -3,830220E001
vertex -1,310010E001 -1,099230E001 -4,698460E001
AddAttr = 0
endfacet
facet normal -3,250917E-001 -3,874304E-001 -8,626778E-001
vertex -2,462010E001 -2,065870E001 -3,830220E001
vertex -1,310010E001 -1,099230E001 -4,698460E001
vertex -1,606960E001 -2,783340E001 -3,830220E001
AddAttr = 0
endfacet
facet normal -4,380000E-001 -2,528708E-001 -8,626775E-001
vertex -1,310010E001 -1,099230E001 -4,698460E001
vertex -2,462010E001 -2,065870E001 -3,830220E001
vertex -1,606960E001 -5,848800E000 -4,698460E001
AddAttr = 0
endfacet
facet normal -4,379954E-001 -2,528742E-001 -8,626788E-001
vertex -3,020100E001 -1,099220E001 -3,830220E001
vertex -1,606960E001 -5,848800E000 -4,698460E001
vertex -2,462010E001 -2,065870E001 -3,830220E001
AddAttr = 0
endfacet
facet normal -4,980665E-001 -8,783097E-002 -8,626792E-001
vertex -1,606960E001 -5,848800E000 -4,698460E001
vertex -3,020100E001 -1,099220E001 -3,830220E001
vertex -1,710100E001 0,000000E000 -4,698460E001
AddAttr = 0
endfacet
facet normal -4,980693E-001 -8,782662E-002 -8,626781E-001
vertex -3,213930E001 0,000000E000 -3,830220E001
vertex -1,710100E001 0,000000E000 -4,698460E001
vertex -3,020100E001 -1,099220E001 -3,830220E001
AddAttr = 0
endfacet
facet normal -4,980691E-001 8,783143E-002 -8,626777E-001
vertex -1,710100E001 0,000000E000 -4,698460E001
vertex -3,213930E001 0,000000E000 -3,830220E001
vertex -1,606960E001 5,848800E000 -4,698460E001
AddAttr = 0
endfacet
facet normal -4,980679E-001 8,782637E-002 -8,626789E-001
vertex -3,020100E001 1,099220E001 -3,830220E001
vertex -1,606960E001 5,848800E000 -4,698460E001
vertex -3,213930E001 0,000000E000 -3,830220E001
AddAttr = 0
endfacet
facet normal -4,379975E-001 2,528693E-001 -8,626791E-001
vertex -1,606960E001 5,848800E000 -4,698460E001
vertex -3,020100E001 1,099220E001 -3,830220E001
vertex -1,310010E001 1,099230E001 -4,698460E001
AddAttr = 0
endfacet
facet normal -4,379968E-001 2,528750E-001 -8,626778E-001
vertex -2,462010E001 2,065870E001 -3,830220E001
vertex -1,310010E001 1,099230E001 -4,698460E001
vertex -3,020100E001 1,099220E001 -3,830220E001
AddAttr = 0
endfacet
facet normal -3,250900E-001 3,874323E-001 -8,626776E-001
vertex -1,310010E001 1,099230E001 -4,698460E001
vertex -2,462010E001 2,065870E001 -3,830220E001
vertex -8,550400E000 1,480990E001 -4,698460E001
AddAttr = 0
endfacet
facet normal -3,250912E-001 3,874298E-001 -8,626783E-001
vertex -1,606960E001 2,783340E001 -3,830220E001
vertex -8,550400E000 1,480990E001 -4,698460E001
vertex -2,462010E001 2,065870E001 -3,830220E001
AddAttr = 0
endfacet
facet normal -1,729721E-001 4,752561E-001 -8,626774E-001
vertex -8,550400E000 1,480990E001 -4,698460E001
vertex -1,606960E001 2,783340E001 -3,830220E001
vertex -2,969500E000 1,684110E001 -4,698460E001
AddAttr = 0
endfacet
facet normal -1,729782E-001 4,752505E-001 -8,626793E-001
vertex -5,580900E000 3,165100E001 -3,830220E001
vertex -2,969500E000 1,684110E001 -4,698460E001
vertex -1,606960E001 2,783340E001 -3,830220E001
AddAttr = 0
endfacet
facet normal 0,000000E000 5,057513E-001 -8,626793E-001
vertex -2,969500E000 1,684110E001 -4,698460E001
vertex -5,580900E000 3,165100E001 -3,830220E001
vertex 2,969500E000 1,684110E001 -4,698460E001
AddAttr = 0
endfacet
facet normal 0,000000E000 5,057513E-001 -8,626793E-001
vertex 5,580900E000 3,165100E001 -3,830220E001
vertex 2,969500E000 1,684110E001 -4,698460E001
vertex -5,580900E000 3,165100E001 -3,830220E001
AddAttr = 0
endfacet
facet normal 1,729678E-001 4,752527E-001 -8,626801E-001
vertex 2,969500E000 1,684110E001 -4,698460E001
vertex 5,580900E000 3,165100E001 -3,830220E001
vertex 8,550500E000 1,480990E001 -4,698460E001
AddAttr = 0
endfacet
facet normal 1,729792E-001 4,752534E-001 -8,626775E-001
vertex 1,606960E001 2,783340E001 -3,830220E001
vertex 8,550500E000 1,480990E001 -4,698460E001
vertex 5,580900E000 3,165100E001 -3,830220E001
AddAttr = 0
endfacet
facet normal 3,250947E-001 3,874295E-001 -8,626771E-001
vertex 8,550500E000 1,480990E001 -4,698460E001
vertex 1,606960E001 2,783340E001 -3,830220E001
vertex 1,310010E001 1,099230E001 -4,698460E001
AddAttr = 0
endfacet
facet normal 3,250917E-001 3,874304E-001 -8,626778E-001
vertex 2,462010E001 2,065870E001 -3,830220E001
vertex 1,310010E001 1,099230E001 -4,698460E001
vertex 1,606960E001 2,783340E001 -3,830220E001
AddAttr = 0
endfacet
facet normal 4,380000E-001 2,528708E-001 -8,626775E-001
vertex 1,310010E001 1,099230E001 -4,698460E001
vertex 2,462010E001 2,065870E001 -3,830220E001
vertex 1,606960E001 5,848800E000 -4,698460E001
AddAttr = 0
endfacet
facet normal 4,379954E-001 2,528742E-001 -8,626788E-001
vertex 3,020100E001 1,099220E001 -3,830220E001
vertex 1,606960E001 5,848800E000 -4,698460E001
vertex 2,462010E001 2,065870E001 -3,830220E001
AddAttr = 0
endfacet
facet normal 4,980665E-001 8,783097E-002 -8,626792E-001
vertex 1,606960E001 5,848800E000 -4,698460E001
vertex 3,020100E001 1,099220E001 -3,830220E001
vertex 1,710100E001 0,000000E000 -4,698460E001
AddAttr = 0
endfacet
facet normal 4,980693E-001 8,782662E-002 -8,626781E-001
vertex 3,213930E001 0,000000E000 -3,830220E001
vertex 1,710100E001 0,000000E000 -4,698460E001
vertex 3,020100E001 1,099220E001 -3,830220E001
AddAttr = 0
endfacet
facet normal 7,591490E-001 -1,338639E-001 -6,370033E-001
vertex 3,213930E001 0,000000E000 -3,830220E001
vertex 4,330120E001 0,000000E000 -2,500000E001
vertex 3,020100E001 -1,099220E001 -3,830220E001
AddAttr = 0
endfacet
facet normal 7,591479E-001 -1,338599E-001 -6,370054E-001
vertex 4,068980E001 -1,480980E001 -2,500000E001
vertex 3,020100E001 -1,099220E001 -3,830220E001
vertex 4,330120E001 0,000000E000 -2,500000E001
AddAttr = 0
endfacet
facet normal 6,675854E-001 -3,854267E-001 -6,370055E-001
vertex 3,020100E001 -1,099220E001 -3,830220E001
vertex 4,068980E001 -1,480980E001 -2,500000E001
vertex 2,462010E001 -2,065870E001 -3,830220E001
AddAttr = 0
endfacet
facet normal 6,675850E-001 -3,854315E-001 -6,370030E-001
vertex 3,317060E001 -2,783340E001 -2,500000E001
vertex 2,462010E001 -2,065870E001 -3,830220E001
vertex 4,068980E001 -1,480980E001 -2,500000E001
AddAttr = 0
endfacet
facet normal 4,954995E-001 -5,905150E-001 -6,370026E-001
vertex 2,462010E001 -2,065870E001 -3,830220E001
vertex 3,317060E001 -2,783340E001 -2,500000E001
vertex 1,606960E001 -2,783340E001 -3,830220E001
AddAttr = 0
endfacet
facet normal 4,954998E-001 -5,905143E-001 -6,370030E-001
vertex 2,165050E001 -3,749990E001 -2,500000E001
vertex 1,606960E001 -2,783340E001 -3,830220E001
vertex 3,317060E001 -2,783340E001 -2,500000E001
AddAttr = 0
endfacet
facet normal 2,636515E-001 -7,243716E-001 -6,370037E-001
vertex 1,606960E001 -2,783340E001 -3,830220E001
vertex 2,165050E001 -3,749990E001 -2,500000E001
vertex 5,580900E000 -3,165100E001 -3,830220E001
AddAttr = 0
endfacet
facet normal 2,636499E-001 -7,243733E-001 -6,370025E-001
vertex 7,519100E000 -4,264330E001 -2,500000E001
vertex 5,580900E000 -3,165100E001 -3,830220E001
vertex 2,165050E001 -3,749990E001 -2,500000E001
AddAttr = 0
endfacet
facet normal 0,000000E000 -7,708614E-001 -6,370029E-001
vertex 5,580900E000 -3,165100E001 -3,830220E001
vertex 7,519100E000 -4,264330E001 -2,500000E001
vertex -5,580900E000 -3,165100E001 -3,830220E001
AddAttr = 0
endfacet
facet normal 0,000000E000 -7,708614E-001 -6,370029E-001
vertex -7,519100E000 -4,264330E001 -2,500000E001
vertex -5,580900E000 -3,165100E001 -3,830220E001
vertex 7,519100E000 -4,264330E001 -2,500000E001
AddAttr = 0
endfacet
facet normal -2,636518E-001 -7,243727E-001 -6,370023E-001
vertex -5,580900E000 -3,165100E001 -3,830220E001
vertex -7,519100E000 -4,264330E001 -2,500000E001
vertex -1,606960E001 -2,783340E001 -3,830220E001
AddAttr = 0
endfacet
facet normal -2,636476E-001 -7,243723E-001 -6,370046E-001
vertex -2,165060E001 -3,749990E001 -2,500000E001
vertex -1,606960E001 -2,783340E001 -3,830220E001
vertex -7,519100E000 -4,264330E001 -2,500000E001
AddAttr = 0
endfacet
facet normal -4,954980E-001 -5,905133E-001 -6,370053E-001
vertex -1,606960E001 -2,783340E001 -3,830220E001
vertex -2,165060E001 -3,749990E001 -2,500000E001
vertex -2,462010E001 -2,065870E001 -3,830220E001
AddAttr = 0
endfacet
facet normal -4,955023E-001 -5,905122E-001 -6,370029E-001
vertex -3,317060E001 -2,783340E001 -2,500000E001
vertex -2,462010E001 -2,065870E001 -3,830220E001
vertex -2,165060E001 -3,749990E001 -2,500000E001
AddAttr = 0
endfacet
facet normal -6,675875E-001 -3,854279E-001 -6,370026E-001
vertex -2,462010E001 -2,065870E001 -3,830220E001
vertex -3,317060E001 -2,783340E001 -2,500000E001
vertex -3,020100E001 -1,099220E001 -3,830220E001
AddAttr = 0
endfacet
facet normal -6,675835E-001 -3,854306E-001 -6,370052E-001
vertex -4,068980E001 -1,480980E001 -2,500000E001
vertex -3,020100E001 -1,099220E001 -3,830220E001
vertex -3,317060E001 -2,783340E001 -2,500000E001
AddAttr = 0
endfacet
facet normal -7,591470E-001 -1,338635E-001 -6,370058E-001
vertex -3,020100E001 -1,099220E001 -3,830220E001
vertex -4,068980E001 -1,480980E001 -2,500000E001
vertex -3,213930E001 0,000000E000 -3,830220E001
AddAttr = 0
endfacet
facet normal -7,591494E-001 -1,338602E-001 -6,370037E-001
vertex -4,330120E001 0,000000E000 -2,500000E001
vertex -3,213930E001 0,000000E000 -3,830220E001
vertex -4,068980E001 -1,480980E001 -2,500000E001
AddAttr = 0
endfacet
facet normal -7,591490E-001 1,338639E-001 -6,370033E-001
vertex -3,213930E001 0,000000E000 -3,830220E001
vertex -4,330120E001 0,000000E000 -2,500000E001
vertex -3,020100E001 1,099220E001 -3,830220E001
AddAttr = 0
endfacet
facet normal -7,591479E-001 1,338599E-001 -6,370054E-001
vertex -4,068980E001 1,480980E001 -2,500000E001
vertex -3,020100E001 1,099220E001 -3,830220E001
vertex -4,330120E001 0,000000E000 -2,500000E001
AddAttr = 0
endfacet
facet normal -6,675854E-001 3,854267E-001 -6,370055E-001
vertex -3,020100E001 1,099220E001 -3,830220E001
vertex -4,068980E001 1,480980E001 -2,500000E001
vertex -2,462010E001 2,065870E001 -3,830220E001
AddAttr = 0
endfacet
facet normal -6,675850E-001 3,854315E-001 -6,370030E-001
vertex -3,317060E001 2,783340E001 -2,500000E001
vertex -2,462010E001 2,065870E001 -3,830220E001
vertex -4,068980E001 1,480980E001 -2,500000E001
AddAttr = 0
endfacet
facet normal -4,954995E-001 5,905150E-001 -6,370026E-001
vertex -2,462010E001 2,065870E001 -3,830220E001
vertex -3,317060E001 2,783340E001 -2,500000E001
vertex -1,606960E001 2,783340E001 -3,830220E001
AddAttr = 0
endfacet
facet normal -4,954998E-001 5,905143E-001 -6,370030E-001
vertex -2,165050E001 3,749990E001 -2,500000E001
vertex -1,606960E001 2,783340E001 -3,830220E001
vertex -3,317060E001 2,783340E001 -2,500000E001
AddAttr = 0
endfacet
facet normal -2,636515E-001 7,243716E-001 -6,370037E-001
vertex -1,606960E001 2,783340E001 -3,830220E001
vertex -2,165050E001 3,749990E001 -2,500000E001
vertex -5,580900E000 3,165100E001 -3,830220E001
AddAttr = 0
endfacet
facet normal -2,636499E-001 7,243733E-001 -6,370025E-001
vertex -7,519100E000 4,264330E001 -2,500000E001
vertex -5,580900E000 3,165100E001 -3,830220E001
vertex -2,165050E001 3,749990E001 -2,500000E001
AddAttr = 0
endfacet
facet normal 0,000000E000 7,708614E-001 -6,370029E-001
vertex -5,580900E000 3,165100E001 -3,830220E001
vertex -7,519100E000 4,264330E001 -2,500000E001
vertex 5,580900E000 3,165100E001 -3,830220E001
AddAttr = 0
endfacet
facet normal 0,000000E000 7,708614E-001 -6,370029E-001
vertex 7,519100E000 4,264330E001 -2,500000E001
vertex 5,580900E000 3,165100E001 -3,830220E001
vertex -7,519100E000 4,264330E001 -2,500000E001
AddAttr = 0
endfacet
facet normal 2,636518E-001 7,243727E-001 -6,370023E-001
vertex 5,580900E000 3,165100E001 -3,830220E001
vertex 7,519100E000 4,264330E001 -2,500000E001
vertex 1,606960E001 2,783340E001 -3,830220E001
AddAttr = 0
endfacet
facet normal 2,636476E-001 7,243723E-001 -6,370046E-001
vertex 2,165060E001 3,749990E001 -2,500000E001
vertex 1,606960E001 2,783340E001 -3,830220E001
vertex 7,519100E000 4,264330E001 -2,500000E001
AddAttr = 0
endfacet
facet normal 4,954980E-001 5,905133E-001 -6,370053E-001
vertex 1,606960E001 2,783340E001 -3,830220E001
vertex 2,165060E001 3,749990E001 -2,500000E001
vertex 2,462010E001 2,065870E001 -3,830220E001
AddAttr = 0
endfacet
facet normal 4,955023E-001 5,905122E-001 -6,370029E-001
vertex 3,317060E001 2,783340E001 -2,500000E001
vertex 2,462010E001 2,065870E001 -3,830220E001
vertex 2,165060E001 3,749990E001 -2,500000E001
AddAttr = 0
endfacet
facet normal 6,675875E-001 3,854279E-001 -6,370026E-001
vertex 2,462010E001 2,065870E001 -3,830220E001
vertex 3,317060E001 2,783340E001 -2,500000E001
vertex 3,020100E001 1,099220E001 -3,830220E001
AddAttr = 0
endfacet
facet normal 6,675835E-001 3,854306E-001 -6,370052E-001
vertex 4,068980E001 1,480980E001 -2,500000E001
vertex 3,020100E001 1,099220E001 -3,830220E001
vertex 3,317060E001 2,783340E001 -2,500000E001
AddAttr = 0
endfacet
facet normal 7,591470E-001 1,338635E-001 -6,370058E-001
vertex 3,020100E001 1,099220E001 -3,830220E001
vertex 4,068980E001 1,480980E001 -2,500000E001
vertex 3,213930E001 0,000000E000 -3,830220E001
AddAttr = 0
endfacet
facet normal 7,591494E-001 1,338602E-001 -6,370037E-001
vertex 4,330120E001 0,000000E000 -2,500000E001
vertex 3,213930E001 0,000000E000 -3,830220E001
vertex 4,068980E001 1,480980E001 -2,500000E001
AddAttr = 0
endfacet
facet normal 9,270531E-001 -1,634665E-001 -3,374186E-001
vertex 4,330120E001 0,000000E000 -2,500000E001
vertex 4,924030E001 0,000000E000 -8,682400E000
vertex 4,068980E001 -1,480980E001 -2,500000E001
AddAttr = 0
endfacet
facet normal 9,270533E-001 -1,634678E-001 -3,374175E-001
vertex 4,627070E001 -1,684110E001 -8,682400E000
vertex 4,068980E001 -1,480980E001 -2,500000E001
vertex 4,924030E001 0,000000E000 -8,682400E000
AddAttr = 0
endfacet
facet normal 8,152369E-001 -4,706785E-001 -3,374175E-001
vertex 4,068980E001 -1,480980E001 -2,500000E001
vertex 4,627070E001 -1,684110E001 -8,682400E000
vertex 3,317060E001 -2,783340E001 -2,500000E001
AddAttr = 0
endfacet
facet normal 8,152371E-001 -4,706774E-001 -3,374185E-001
vertex 3,772020E001 -3,165100E001 -8,682400E000
vertex 3,317060E001 -2,783340E001 -2,500000E001
vertex 4,627070E001 -1,684110E001 -8,682400E000
AddAttr = 0
endfacet
facet normal 6,050906E-001 -7,211198E-001 -3,374189E-001
vertex 3,317060E001 -2,783340E001 -2,500000E001
vertex 3,772020E001 -3,165100E001 -8,682400E000
vertex 2,165050E001 -3,749990E001 -2,500000E001
AddAttr = 0
endfacet
facet normal 6,050912E-001 -7,211189E-001 -3,374198E-001
vertex 2,462010E001 -4,264330E001 -8,682400E000
vertex 2,165050E001 -3,749990E001 -2,500000E001
vertex 3,772020E001 -3,165100E001 -8,682400E000
AddAttr = 0
endfacet
facet normal 3,219617E-001 -8,845841E-001 -3,374189E-001
vertex 2,165050E001 -3,749990E001 -2,500000E001
vertex 2,462010E001 -4,264330E001 -8,682400E000
vertex 7,519100E000 -4,264330E001 -2,500000E001
AddAttr = 0
endfacet
facet normal 3,219625E-001 -8,845835E-001 -3,374197E-001
vertex 8,550400E000 -4,849220E001 -8,682400E000
vertex 7,519100E000 -4,264330E001 -2,500000E001
vertex 2,462010E001 -4,264330E001 -8,682400E000
AddAttr = 0
endfacet
facet normal 0,000000E000 -9,413542E-001 -3,374201E-001
vertex 7,519100E000 -4,264330E001 -2,500000E001
vertex 8,550400E000 -4,849220E001 -8,682400E000
vertex -7,519100E000 -4,264330E001 -2,500000E001
AddAttr = 0
endfacet
facet normal 0,000000E000 -9,413542E-001 -3,374201E-001
vertex -8,550400E000 -4,849220E001 -8,682400E000
vertex -7,519100E000 -4,264330E001 -2,500000E001
vertex 8,550400E000 -4,849220E001 -8,682400E000
AddAttr = 0
endfacet
facet normal -3,219596E-001 -8,845845E-001 -3,374199E-001
vertex -7,519100E000 -4,264330E001 -2,500000E001
vertex -8,550400E000 -4,849220E001 -8,682400E000
vertex -2,165060E001 -3,749990E001 -2,500000E001
AddAttr = 0
endfacet
facet normal -3,219628E-001 -8,845844E-001 -3,374173E-001
vertex -2,462010E001 -4,264330E001 -8,682400E000
vertex -2,165060E001 -3,749990E001 -2,500000E001
vertex -8,550400E000 -4,849220E001 -8,682400E000
AddAttr = 0
endfacet
facet normal -6,050943E-001 -7,211179E-001 -3,374164E-001
vertex -2,165060E001 -3,749990E001 -2,500000E001
vertex -2,462010E001 -4,264330E001 -8,682400E000
vertex -3,317060E001 -2,783340E001 -2,500000E001
AddAttr = 0
endfacet
facet normal -6,050914E-001 -7,211192E-001 -3,374190E-001
vertex -3,772020E001 -3,165100E001 -8,682400E000
vertex -3,317060E001 -2,783340E001 -2,500000E001
vertex -2,462010E001 -4,264330E001 -8,682400E000
AddAttr = 0
endfacet
facet normal -8,152365E-001 -4,706783E-001 -3,374186E-001
vertex -3,317060E001 -2,783340E001 -2,500000E001
vertex -3,772020E001 -3,165100E001 -8,682400E000
vertex -4,068980E001 -1,480980E001 -2,500000E001
AddAttr = 0
endfacet
facet normal -8,152374E-001 -4,706776E-001 -3,374176E-001
vertex -4,627070E001 -1,684110E001 -8,682400E000
vertex -4,068980E001 -1,480980E001 -2,500000E001
vertex -3,772020E001 -3,165100E001 -8,682400E000
AddAttr = 0
endfacet
facet normal -9,270535E-001 -1,634666E-001 -3,374174E-001
vertex -4,068980E001 -1,480980E001 -2,500000E001
vertex -4,627070E001 -1,684110E001 -8,682400E000
vertex -4,330120E001 0,000000E000 -2,500000E001
AddAttr = 0
endfacet
facet normal -9,270529E-001 -1,634677E-001 -3,374185E-001
vertex -4,924030E001 0,000000E000 -8,682400E000
vertex -4,330120E001 0,000000E000 -2,500000E001
vertex -4,627070E001 -1,684110E001 -8,682400E000
AddAttr = 0
endfacet
facet normal -9,270531E-001 1,634665E-001 -3,374186E-001
vertex -4,330120E001 0,000000E000 -2,500000E001
vertex -4,924030E001 0,000000E000 -8,682400E000
vertex -4,068980E001 1,480980E001 -2,500000E001
AddAttr = 0
endfacet
facet normal -9,270533E-001 1,634678E-001 -3,374175E-001
vertex -4,627070E001 1,684110E001 -8,682400E000
vertex -4,068980E001 1,480980E001 -2,500000E001
vertex -4,924030E001 0,000000E000 -8,682400E000
AddAttr = 0
endfacet
facet normal -8,152369E-001 4,706785E-001 -3,374175E-001
vertex -4,068980E001 1,480980E001 -2,500000E001
vertex -4,627070E001 1,684110E001 -8,682400E000
vertex -3,317060E001 2,783340E001 -2,500000E001
AddAttr = 0
endfacet
facet normal -8,152371E-001 4,706774E-001 -3,374185E-001
vertex -3,772020E001 3,165100E001 -8,682400E000
vertex -3,317060E001 2,783340E001 -2,500000E001
vertex -4,627070E001 1,684110E001 -8,682400E000
AddAttr = 0
endfacet
facet normal -6,050906E-001 7,211198E-001 -3,374189E-001
vertex -3,317060E001 2,783340E001 -2,500000E001
vertex -3,772020E001 3,165100E001 -8,682400E000
vertex -2,165050E001 3,749990E001 -2,500000E001
AddAttr = 0
endfacet
facet normal -6,050912E-001 7,211189E-001 -3,374198E-001
vertex -2,462010E001 4,264330E001 -8,682400E000
vertex -2,165050E001 3,749990E001 -2,500000E001
vertex -3,772020E001 3,165100E001 -8,682400E000
AddAttr = 0
endfacet
facet normal -3,219617E-001 8,845841E-001 -3,374189E-001
vertex -2,165050E001 3,749990E001 -2,500000E001
vertex -2,462010E001 4,264330E001 -8,682400E000
vertex -7,519100E000 4,264330E001 -2,500000E001
AddAttr = 0
endfacet
facet normal -3,219625E-001 8,845835E-001 -3,374197E-001
vertex -8,550400E000 4,849220E001 -8,682400E000
vertex -7,519100E000 4,264330E001 -2,500000E001
vertex -2,462010E001 4,264330E001 -8,682400E000
AddAttr = 0
endfacet
facet normal 0,000000E000 9,413542E-001 -3,374201E-001
vertex -7,519100E000 4,264330E001 -2,500000E001
vertex -8,550400E000 4,849220E001 -8,682400E000
vertex 7,519100E000 4,264330E001 -2,500000E001
AddAttr = 0
endfacet
facet normal 0,000000E000 9,413542E-001 -3,374201E-001
vertex 8,550400E000 4,849220E001 -8,682400E000
vertex 7,519100E000 4,264330E001 -2,500000E001
vertex -8,550400E000 4,849220E001 -8,682400E000
AddAttr = 0
endfacet
facet normal 3,219596E-001 8,845845E-001 -3,374199E-001
vertex 7,519100E000 4,264330E001 -2,500000E001
vertex 8,550400E000 4,849220E001 -8,682400E000
vertex 2,165060E001 3,749990E001 -2,500000E001
AddAttr = 0
endfacet
facet normal 3,219628E-001 8,845844E-001 -3,374173E-001
vertex 2,462010E001 4,264330E001 -8,682400E000
vertex 2,165060E001 3,749990E001 -2,500000E001
vertex 8,550400E000 4,849220E001 -8,682400E000
AddAttr = 0
endfacet
facet normal 6,050943E-001 7,211179E-001 -3,374164E-001
vertex 2,165060E001 3,749990E001 -2,500000E001
vertex 2,462010E001 4,264330E001 -8,682400E000
vertex 3,317060E001 2,783340E001 -2,500000E001
AddAttr = 0
endfacet
facet normal 6,050914E-001 7,211192E-001 -3,374190E-001
vertex 3,772020E001 3,165100E001 -8,682400E000
vertex 3,317060E001 2,783340E001 -2,500000E001
vertex 2,462010E001 4,264330E001 -8,682400E000
AddAttr = 0
endfacet
facet normal 8,152365E-001 4,706783E-001 -3,374186E-001
vertex 3,317060E001 2,783340E001 -2,500000E001
vertex 3,772020E001 3,165100E001 -8,682400E000
vertex 4,068980E001 1,480980E001 -2,500000E001
AddAttr = 0
endfacet
facet normal 8,152374E-001 4,706776E-001 -3,374176E-001
vertex 4,627070E001 1,684110E001 -8,682400E000
vertex 4,068980E001 1,480980E001 -2,500000E001
vertex 3,772020E001 3,165100E001 -8,682400E000
AddAttr = 0
endfacet
facet normal 9,270535E-001 1,634666E-001 -3,374174E-001
vertex 4,068980E001 1,480980E001 -2,500000E001
vertex 4,627070E001 1,684110E001 -8,682400E000
vertex 4,330120E001 0,000000E000 -2,500000E001
AddAttr = 0
endfacet
facet normal 9,270529E-001 1,634677E-001 -3,374185E-001
vertex 4,924030E001 0,000000E000 -8,682400E000
vertex 4,330120E001 0,000000E000 -2,500000E001
vertex 4,627070E001 1,684110E001 -8,682400E000
AddAttr = 0
endfacet
facet normal 9,848071E-001 -1,736516E-001 0,000000E000
vertex 4,924030E001 0,000000E000 -8,682400E000
vertex 4,924030E001 0,000000E000 8,682400E000
vertex 4,627070E001 -1,684110E001 -8,682400E000
AddAttr = 0
endfacet
facet normal 9,848071E-001 -1,736516E-001 0,000000E000
vertex 4,627070E001 -1,684110E001 8,682400E000
vertex 4,627070E001 -1,684110E001 -8,682400E000
vertex 4,924030E001 0,000000E000 8,682400E000
AddAttr = 0
endfacet
facet normal 8,660254E-001 -5,000000E-001 0,000000E000
vertex 4,627070E001 -1,684110E001 -8,682400E000
vertex 4,627070E001 -1,684110E001 8,682400E000
vertex 3,772020E001 -3,165100E001 -8,682400E000
AddAttr = 0
endfacet
facet normal 8,660254E-001 -5,000000E-001 0,000000E000
vertex 3,772020E001 -3,165100E001 8,682400E000
vertex 3,772020E001 -3,165100E001 -8,682400E000
vertex 4,627070E001 -1,684110E001 8,682400E000
AddAttr = 0
endfacet
facet normal 6,427880E-001 -7,660441E-001 0,000000E000
vertex 3,772020E001 -3,165100E001 -8,682400E000
vertex 3,772020E001 -3,165100E001 8,682400E000
vertex 2,462010E001 -4,264330E001 -8,682400E000
AddAttr = 0
endfacet
facet normal 6,427880E-001 -7,660441E-001 0,000000E000
vertex 2,462010E001 -4,264330E001 8,682400E000
vertex 2,462010E001 -4,264330E001 -8,682400E000
vertex 3,772020E001 -3,165100E001 8,682400E000
AddAttr = 0
endfacet
facet normal 3,420205E-001 -9,396925E-001 0,000000E000
vertex 2,462010E001 -4,264330E001 -8,682400E000
vertex 2,462010E001 -4,264330E001 8,682400E000
vertex 8,550400E000 -4,849220E001 -8,682400E000
AddAttr = 0
endfacet
facet normal 3,420205E-001 -9,396925E-001 0,000000E000
vertex 8,550400E000 -4,849220E001 8,682400E000
vertex 8,550400E000 -4,849220E001 -8,682400E000
vertex 2,462010E001 -4,264330E001 8,682400E000
AddAttr = 0
endfacet
facet normal 0,000000E000 -1,000000E000 0,000000E000
vertex 8,550400E000 -4,849220E001 -8,682400E000
vertex 8,550400E000 -4,849220E001 8,682400E000
vertex -8,550400E000 -4,849220E001 -8,682400E000
AddAttr = 0
endfacet
facet normal 0,000000E000 -1,000000E000 0,000000E000
vertex -8,550400E000 -4,849220E001 8,682400E000
vertex -8,550400E000 -4,849220E001 -8,682400E000
vertex 8,550400E000 -4,849220E001 8,682400E000
AddAttr = 0
endfacet
facet normal -3,420205E-001 -9,396925E-001 0,000000E000
vertex -8,550400E000 -4,849220E001 -8,682400E000
vertex -8,550400E000 -4,849220E001 8,682400E000
vertex -2,462010E001 -4,264330E001 -8,682400E000
AddAttr = 0
endfacet
facet normal -3,420205E-001 -9,396925E-001 0,000000E000
vertex -2,462010E001 -4,264330E001 8,682400E000
vertex -2,462010E001 -4,264330E001 -8,682400E000
vertex -8,550400E000 -4,849220E001 8,682400E000
AddAttr = 0
endfacet
facet normal -6,427880E-001 -7,660441E-001 0,000000E000
vertex -2,462010E001 -4,264330E001 -8,682400E000
vertex -2,462010E001 -4,264330E001 8,682400E000
vertex -3,772020E001 -3,165100E001 -8,682400E000
AddAttr = 0
endfacet
facet normal -6,427880E-001 -7,660441E-001 0,000000E000
vertex -3,772020E001 -3,165100E001 8,682400E000
vertex -3,772020E001 -3,165100E001 -8,682400E000
vertex -2,462010E001 -4,264330E001 8,682400E000
AddAttr = 0
endfacet
facet normal -8,660254E-001 -5,000000E-001 0,000000E000
vertex -3,772020E001 -3,165100E001 -8,682400E000
vertex -3,772020E001 -3,165100E001 8,682400E000
vertex -4,627070E001 -1,684110E001 -8,682400E000
AddAttr = 0
endfacet
facet normal -8,660254E-001 -5,000000E-001 0,000000E000
vertex -4,627070E001 -1,684110E001 8,682400E000
vertex -4,627070E001 -1,684110E001 -8,682400E000
vertex -3,772020E001 -3,165100E001 8,682400E000
AddAttr = 0
endfacet
facet normal -9,848071E-001 -1,736516E-001 0,000000E000
vertex -4,627070E001 -1,684110E001 -8,682400E000
vertex -4,627070E001 -1,684110E001 8,682400E000
vertex -4,924030E001 0,000000E000 -8,682400E000
AddAttr = 0
endfacet
facet normal -9,848071E-001 -1,736516E-001 0,000000E000
vertex -4,924030E001 0,000000E000 8,682400E000
vertex -4,924030E001 0,000000E000 -8,682400E000
vertex -4,627070E001 -1,684110E001 8,682400E000
AddAttr = 0
endfacet
facet normal -9,848071E-001 1,736516E-001 0,000000E000
vertex -4,924030E001 0,000000E000 -8,682400E000
vertex -4,924030E001 0,000000E000 8,682400E000
vertex -4,627070E001 1,684110E001 -8,682400E000
AddAttr = 0
endfacet
facet normal -9,848071E-001 1,736516E-001 0,000000E000
vertex -4,627070E001 1,684110E001 8,682400E000
vertex -4,627070E001 1,684110E001 -8,682400E000
vertex -4,924030E001 0,000000E000 8,682400E000
AddAttr = 0
endfacet
facet normal -8,660254E-001 5,000000E-001 0,000000E000
vertex -4,627070E001 1,684110E001 -8,682400E000
vertex -4,627070E001 1,684110E001 8,682400E000
vertex -3,772020E001 3,165100E001 -8,682400E000
AddAttr = 0
endfacet
facet normal -8,660254E-001 5,000000E-001 0,000000E000
vertex -3,772020E001 3,165100E001 8,682400E000
vertex -3,772020E001 3,165100E001 -8,682400E000
vertex -4,627070E001 1,684110E001 8,682400E000
AddAttr = 0
endfacet
facet normal -6,427880E-001 7,660441E-001 0,000000E000
vertex -3,772020E001 3,165100E001 -8,682400E000
vertex -3,772020E001 3,165100E001 8,682400E000
vertex -2,462010E001 4,264330E001 -8,682400E000
AddAttr = 0
endfacet
facet normal -6,427880E-001 7,660441E-001 0,000000E000
vertex -2,462010E001 4,264330E001 8,682400E000
vertex -2,462010E001 4,264330E001 -8,682400E000
vertex -3,772020E001 3,165100E001 8,682400E000
AddAttr = 0
endfacet
facet normal -3,420205E-001 9,396925E-001 0,000000E000
vertex -2,462010E001 4,264330E001 -8,682400E000
vertex -2,462010E001 4,264330E001 8,682400E000
vertex -8,550400E000 4,849220E001 -8,682400E000
AddAttr = 0
endfacet
facet normal -3,420205E-001 9,396925E-001 0,000000E000
vertex -8,550400E000 4,849220E001 8,682400E000
vertex -8,550400E000 4,849220E001 -8,682400E000
vertex -2,462010E001 4,264330E001 8,682400E000
AddAttr = 0
endfacet
facet normal 0,000000E000 1,000000E000 0,000000E000
vertex -8,550400E000 4,849220E001 -8,682400E000
vertex -8,550400E000 4,849220E001 8,682400E000
vertex 8,550400E000 4,849220E001 -8,682400E000
AddAttr = 0
endfacet
facet normal 0,000000E000 1,000000E000 0,000000E000
vertex 8,550400E000 4,849220E001 8,682400E000
vertex 8,550400E000 4,849220E001 -8,682400E000
vertex -8,550400E000 4,849220E001 8,682400E000
AddAttr = 0
endfacet
facet normal 3,420205E-001 9,396925E-001 0,000000E000
vertex 8,550400E000 4,849220E001 -8,682400E000
vertex 8,550400E000 4,849220E001 8,682400E000
vertex 2,462010E001 4,264330E001 -8,682400E000
AddAttr = 0
endfacet
facet normal 3,420205E-001 9,396925E-001 0,000000E000
vertex 2,462010E001 4,264330E001 8,682400E000
vertex 2,462010E001 4,264330E001 -8,682400E000
vertex 8,550400E000 4,849220E001 8,682400E000
AddAttr = 0
endfacet
facet normal 6,427880E-001 7,660441E-001 0,000000E000
vertex 2,462010E001 4,264330E001 -8,682400E000
vertex 2,462010E001 4,264330E001 8,682400E000
vertex 3,772020E001 3,165100E001 -8,682400E000
AddAttr = 0
endfacet
facet normal 6,427880E-001 7,660441E-001 0,000000E000
vertex 3,772020E001 3,165100E001 8,682400E000
vertex 3,772020E001 3,165100E001 -8,682400E000
vertex 2,462010E001 4,264330E001 8,682400E000
AddAttr = 0
endfacet
facet normal 8,660254E-001 5,000000E-001 0,000000E000
vertex 3,772020E001 3,165100E001 -8,682400E000
vertex 3,772020E001 3,165100E001 8,682400E000
vertex 4,627070E001 1,684110E001 -8,682400E000
AddAttr = 0
endfacet
facet normal 8,660254E-001 5,000000E-001 0,000000E000
vertex 4,627070E001 1,684110E001 8,682400E000
vertex 4,627070E001 1,684110E001 -8,682400E000
vertex 3,772020E001 3,165100E001 8,682400E000
AddAttr = 0
endfacet
facet normal 9,848071E-001 1,736516E-001 0,000000E000
vertex 4,627070E001 1,684110E001 -8,682400E000
vertex 4,627070E001 1,684110E001 8,682400E000
vertex 4,924030E001 0,000000E000 -8,682400E000
AddAttr = 0
endfacet
facet normal 9,848071E-001 1,736516E-001 0,000000E000
vertex 4,924030E001 0,000000E000 8,682400E000
vertex 4,924030E001 0,000000E000 -8,682400E000
vertex 4,627070E001 1,684110E001 8,682400E000
AddAttr = 0
endfacet
facet normal 9,270523E-001 -1,634676E-001 3,374203E-001
vertex 4,924030E001 0,000000E000 8,682400E000
vertex 4,330120E001 0,000000E000 2,499990E001
vertex 4,627070E001 -1,684110E001 8,682400E000
AddAttr = 0
endfacet
facet normal 9,270529E-001 -1,634665E-001 3,374192E-001
vertex 4,068980E001 -1,480980E001 2,499990E001
vertex 4,627070E001 -1,684110E001 8,682400E000
vertex 4,330120E001 0,000000E000 2,499990E001
AddAttr = 0
endfacet
facet normal 8,152368E-001 -4,706772E-001 3,374195E-001
vertex 4,627070E001 -1,684110E001 8,682400E000
vertex 4,068980E001 -1,480980E001 2,499990E001
vertex 3,772020E001 -3,165100E001 8,682400E000
AddAttr = 0
endfacet
facet normal 8,152360E-001 -4,706780E-001 3,374204E-001
vertex 3,317060E001 -2,783340E001 2,499990E001
vertex 3,772020E001 -3,165100E001 8,682400E000
vertex 4,068980E001 -1,480980E001 2,499990E001
AddAttr = 0
endfacet
facet normal 6,050910E-001 -7,211186E-001 3,374208E-001
vertex 3,772020E001 -3,165100E001 8,682400E000
vertex 3,317060E001 -2,783340E001 2,499990E001
vertex 2,462010E001 -4,264330E001 8,682400E000
AddAttr = 0
endfacet
facet normal 6,050900E-001 -7,211190E-001 3,374217E-001
vertex 2,165050E001 -3,749990E001 2,499990E001
vertex 2,462010E001 -4,264330E001 8,682400E000
vertex 3,317060E001 -2,783340E001 2,499990E001
AddAttr = 0
endfacet
facet normal 3,219624E-001 -8,845832E-001 3,374209E-001
vertex 2,462010E001 -4,264330E001 8,682400E000
vertex 2,165050E001 -3,749990E001 2,499990E001
vertex 8,550400E000 -4,849220E001 8,682400E000
AddAttr = 0
endfacet
facet normal 3,219614E-001 -8,845832E-001 3,374217E-001
vertex 7,519100E000 -4,264330E001 2,499990E001
vertex 8,550400E000 -4,849220E001 8,682400E000
vertex 2,165050E001 -3,749990E001 2,499990E001
AddAttr = 0
endfacet
facet normal 0,000000E000 -9,413535E-001 3,374220E-001
vertex 8,550400E000 -4,849220E001 8,682400E000
vertex 7,519100E000 -4,264330E001 2,499990E001
vertex -8,550400E000 -4,849220E001 8,682400E000
AddAttr = 0
endfacet
facet normal 0,000000E000 -9,413535E-001 3,374220E-001
vertex -7,519100E000 -4,264330E001 2,499990E001
vertex -8,550400E000 -4,849220E001 8,682400E000
vertex 7,519100E000 -4,264330E001 2,499990E001
AddAttr = 0
endfacet
facet normal -3,219623E-001 -8,845829E-001 3,374216E-001
vertex -8,550400E000 -4,849220E001 8,682400E000
vertex -7,519100E000 -4,264330E001 2,499990E001
vertex -2,462010E001 -4,264330E001 8,682400E000
AddAttr = 0
endfacet
facet normal -3,219597E-001 -8,845849E-001 3,374189E-001
vertex -2,165060E001 -3,749990E001 2,499990E001
vertex -2,462010E001 -4,264330E001 8,682400E000
vertex -7,519100E000 -4,264330E001 2,499990E001
AddAttr = 0
endfacet
facet normal -6,050916E-001 -7,211193E-001 3,374184E-001
vertex -2,462010E001 -4,264330E001 8,682400E000
vertex -2,165060E001 -3,749990E001 2,499990E001
vertex -3,772020E001 -3,165100E001 8,682400E000
AddAttr = 0
endfacet
facet normal -6,050932E-001 -7,211167E-001 3,374210E-001
vertex -3,317060E001 -2,783340E001 2,499990E001
vertex -3,772020E001 -3,165100E001 8,682400E000
vertex -2,165060E001 -3,749990E001 2,499990E001
AddAttr = 0
endfacet
facet normal -8,152365E-001 -4,706770E-001 3,374204E-001
vertex -3,772020E001 -3,165100E001 8,682400E000
vertex -3,317060E001 -2,783340E001 2,499990E001
vertex -4,627070E001 -1,684110E001 8,682400E000
AddAttr = 0
endfacet
facet normal -8,152363E-001 -4,706782E-001 3,374194E-001
vertex -4,068980E001 -1,480980E001 2,499990E001
vertex -4,627070E001 -1,684110E001 8,682400E000
vertex -3,317060E001 -2,783340E001 2,499990E001
AddAttr = 0
endfacet
facet normal -9,270526E-001 -1,634677E-001 3,374193E-001
vertex -4,627070E001 -1,684110E001 8,682400E000
vertex -4,068980E001 -1,480980E001 2,499990E001
vertex -4,924030E001 0,000000E000 8,682400E000
AddAttr = 0
endfacet
facet normal -9,270524E-001 -1,634664E-001 3,374204E-001
vertex -4,330120E001 0,000000E000 2,499990E001
vertex -4,924030E001 0,000000E000 8,682400E000
vertex -4,068980E001 -1,480980E001 2,499990E001
AddAttr = 0
endfacet
facet normal -9,270523E-001 1,634676E-001 3,374203E-001
vertex -4,924030E001 0,000000E000 8,682400E000
vertex -4,330120E001 0,000000E000 2,499990E001
vertex -4,627070E001 1,684110E001 8,682400E000
AddAttr = 0
endfacet
facet normal -9,270529E-001 1,634665E-001 3,374192E-001
vertex -4,068980E001 1,480980E001 2,499990E001
vertex -4,627070E001 1,684110E001 8,682400E000
vertex -4,330120E001 0,000000E000 2,499990E001
AddAttr = 0
endfacet
facet normal -8,152368E-001 4,706772E-001 3,374195E-001
vertex -4,627070E001 1,684110E001 8,682400E000
vertex -4,068980E001 1,480980E001 2,499990E001
vertex -3,772020E001 3,165100E001 8,682400E000
AddAttr = 0
endfacet
facet normal -8,152360E-001 4,706780E-001 3,374204E-001
vertex -3,317060E001 2,783340E001 2,499990E001
vertex -3,772020E001 3,165100E001 8,682400E000
vertex -4,068980E001 1,480980E001 2,499990E001
AddAttr = 0
endfacet
facet normal -6,050910E-001 7,211186E-001 3,374208E-001
vertex -3,772020E001 3,165100E001 8,682400E000
vertex -3,317060E001 2,783340E001 2,499990E001
vertex -2,462010E001 4,264330E001 8,682400E000
AddAttr = 0
endfacet
facet normal -6,050900E-001 7,211190E-001 3,374217E-001
vertex -2,165050E001 3,749990E001 2,499990E001
vertex -2,462010E001 4,264330E001 8,682400E000
vertex -3,317060E001 2,783340E001 2,499990E001
AddAttr = 0
endfacet
facet normal -3,219624E-001 8,845832E-001 3,374209E-001
vertex -2,462010E001 4,264330E001 8,682400E000
vertex -2,165050E001 3,749990E001 2,499990E001
vertex -8,550400E000 4,849220E001 8,682400E000
AddAttr = 0
endfacet
facet normal -3,219614E-001 8,845832E-001 3,374217E-001
vertex -7,519100E000 4,264330E001 2,499990E001
vertex -8,550400E000 4,849220E001 8,682400E000
vertex -2,165050E001 3,749990E001 2,499990E001
AddAttr = 0
endfacet
facet normal 0,000000E000 9,413535E-001 3,374220E-001
vertex -8,550400E000 4,849220E001 8,682400E000
vertex -7,519100E000 4,264330E001 2,499990E001
vertex 8,550400E000 4,849220E001 8,682400E000
AddAttr = 0
endfacet
facet normal 0,000000E000 9,413535E-001 3,374220E-001
vertex 7,519100E000 4,264330E001 2,499990E001
vertex 8,550400E000 4,849220E001 8,682400E000
vertex -7,519100E000 4,264330E001 2,499990E001
AddAttr = 0
endfacet
facet normal 3,219623E-001 8,845829E-001 3,374216E-001
vertex 8,550400E000 4,849220E001 8,682400E000
vertex 7,519100E000 4,264330E001 2,499990E001
vertex 2,462010E001 4,264330E001 8,682400E000
AddAttr = 0
endfacet
facet normal 3,219597E-001 8,845849E-001 3,374189E-001
vertex 2,165060E001 3,749990E001 2,499990E001
vertex 2,462010E001 4,264330E001 8,682400E000
vertex 7,519100E000 4,264330E001 2,499990E001
AddAttr = 0
endfacet
facet normal 6,050916E-001 7,211193E-001 3,374184E-001
vertex 2,462010E001 4,264330E001 8,682400E000
vertex 2,165060E001 3,749990E001 2,499990E001
vertex 3,772020E001 3,165100E001 8,682400E000
AddAttr = 0
endfacet
facet normal 6,050932E-001 7,211167E-001 3,374210E-001
vertex 3,317060E001 2,783340E001 2,499990E001
vertex 3,772020E001 3,165100E001 8,682400E000
vertex 2,165060E001 3,749990E001 2,499990E001
AddAttr = 0
endfacet
facet normal 8,152365E-001 4,706770E-001 3,374204E-001
vertex 3,772020E001 3,165100E001 8,682400E000
vertex 3,317060E001 2,783340E001 2,499990E001
vertex 4,627070E001 1,684110E001 8,682400E000
AddAttr = 0
endfacet
facet normal 8,152363E-001 4,706782E-001 3,374194E-001
vertex 4,068980E001 1,480980E001 2,499990E001
vertex 4,627070E001 1,684110E001 8,682400E000
vertex 3,317060E001 2,783340E001 2,499990E001
AddAttr = 0
endfacet
facet normal 9,270526E-001 1,634677E-001 3,374193E-001
vertex 4,627070E001 1,684110E001 8,682400E000
vertex 4,068980E001 1,480980E001 2,499990E001
vertex 4,924030E001 0,000000E000 8,682400E000
AddAttr = 0
endfacet
facet normal 9,270524E-001 1,634664E-001 3,374204E-001
vertex 4,330120E001 0,000000E000 2,499990E001
vertex 4,924030E001 0,000000E000 8,682400E000
vertex 4,068980E001 1,480980E001 2,499990E001
AddAttr = 0
endfacet
facet normal 7,591517E-001 -1,338606E-001 6,370008E-001
vertex 4,330120E001 0,000000E000 2,499990E001
vertex 3,213930E001 0,000000E000 3,830220E001
vertex 4,068980E001 -1,480980E001 2,499990E001
AddAttr = 0
endfacet
facet normal 7,591493E-001 -1,338639E-001 6,370029E-001
vertex 3,020100E001 -1,099220E001 3,830220E001
vertex 4,068980E001 -1,480980E001 2,499990E001
vertex 3,213930E001 0,000000E000 3,830220E001
AddAttr = 0
endfacet
facet normal 6,675856E-001 -3,854318E-001 6,370023E-001
vertex 4,068980E001 -1,480980E001 2,499990E001
vertex 3,020100E001 -1,099220E001 3,830220E001
vertex 3,317060E001 -2,783340E001 2,499990E001
AddAttr = 0
endfacet
facet normal 6,675895E-001 -3,854291E-001 6,369998E-001
vertex 2,462010E001 -2,065870E001 3,830220E001
vertex 3,317060E001 -2,783340E001 2,499990E001
vertex 3,020100E001 -1,099220E001 3,830220E001
AddAttr = 0
endfacet
facet normal 4,955015E-001 -5,905163E-001 6,369998E-001
vertex 3,317060E001 -2,783340E001 2,499990E001
vertex 2,462010E001 -2,065870E001 3,830220E001
vertex 2,165050E001 -3,749990E001 2,499990E001
AddAttr = 0
endfacet
facet normal 4,955007E-001 -5,905165E-001 6,370002E-001
vertex 1,606960E001 -2,783340E001 3,830220E001
vertex 2,165050E001 -3,749990E001 2,499990E001
vertex 2,462010E001 -2,065870E001 3,830220E001
AddAttr = 0
endfacet
facet normal 2,636504E-001 -7,243747E-001 6,370007E-001
vertex 2,165050E001 -3,749990E001 2,499990E001
vertex 1,606960E001 -2,783340E001 3,830220E001
vertex 7,519100E000 -4,264330E001 2,499990E001
AddAttr = 0
endfacet
facet normal 2,636527E-001 -7,243749E-001 6,369994E-001
vertex 5,580900E000 -3,165100E001 3,830220E001
vertex 7,519100E000 -4,264330E001 2,499990E001
vertex 1,606960E001 -2,783340E001 3,830220E001
AddAttr = 0
endfacet
facet normal 0,000000E000 -7,708638E-001 6,370000E-001
vertex 7,519100E000 -4,264330E001 2,499990E001
vertex 5,580900E000 -3,165100E001 3,830220E001
vertex -7,519100E000 -4,264330E001 2,499990E001
AddAttr = 0
endfacet
facet normal 0,000000E000 -7,708638E-001 6,370000E-001
vertex -5,580900E000 -3,165100E001 3,830220E001
vertex -7,519100E000 -4,264330E001 2,499990E001
vertex 5,580900E000 -3,165100E001 3,830220E001
AddAttr = 0
endfacet
facet normal -2,636490E-001 -7,243760E-001 6,369998E-001
vertex -7,519100E000 -4,264330E001 2,499990E001
vertex -5,580900E000 -3,165100E001 3,830220E001
vertex -2,165060E001 -3,749990E001 2,499990E001
AddAttr = 0
endfacet
facet normal -2,636519E-001 -7,243729E-001 6,370020E-001
vertex -1,606960E001 -2,783340E001 3,830220E001
vertex -2,165060E001 -3,749990E001 2,499990E001
vertex -5,580900E000 -3,165100E001 3,830220E001
AddAttr = 0
endfacet
facet normal -4,955028E-001 -5,905128E-001 6,370021E-001
vertex -2,165060E001 -3,749990E001 2,499990E001
vertex -1,606960E001 -2,783340E001 3,830220E001
vertex -3,317060E001 -2,783340E001 2,499990E001
AddAttr = 0
endfacet
facet normal -4,955010E-001 -5,905168E-001 6,369998E-001
vertex -2,462010E001 -2,065870E001 3,830220E001
vertex -3,317060E001 -2,783340E001 2,499990E001
vertex -1,606960E001 -2,783340E001 3,830220E001
AddAttr = 0
endfacet
facet normal -6,675870E-001 -3,854327E-001 6,370001E-001
vertex -3,317060E001 -2,783340E001 2,499990E001
vertex -2,462010E001 -2,065870E001 3,830220E001
vertex -4,068980E001 -1,480980E001 2,499990E001
AddAttr = 0
endfacet
facet normal -6,675874E-001 -3,854279E-001 6,370026E-001
vertex -3,020100E001 -1,099220E001 3,830220E001
vertex -4,068980E001 -1,480980E001 2,499990E001
vertex -2,462010E001 -2,065870E001 3,830220E001
AddAttr = 0
endfacet
facet normal -7,591502E-001 -1,338603E-001 6,370026E-001
vertex -4,068980E001 -1,480980E001 2,499990E001
vertex -3,020100E001 -1,099220E001 3,830220E001
vertex -4,330120E001 0,000000E000 2,499990E001
AddAttr = 0
endfacet
facet normal -7,591513E-001 -1,338643E-001 6,370004E-001
vertex -3,213930E001 0,000000E000 3,830220E001
vertex -4,330120E001 0,000000E000 2,499990E001
vertex -3,020100E001 -1,099220E001 3,830220E001
AddAttr = 0
endfacet
facet normal -7,591517E-001 1,338606E-001 6,370008E-001
vertex -4,330120E001 0,000000E000 2,499990E001
vertex -3,213930E001 0,000000E000 3,830220E001
vertex -4,068980E001 1,480980E001 2,499990E001
AddAttr = 0
endfacet
facet normal -7,591493E-001 1,338639E-001 6,370029E-001
vertex -3,020100E001 1,099220E001 3,830220E001
vertex -4,068980E001 1,480980E001 2,499990E001
vertex -3,213930E001 0,000000E000 3,830220E001
AddAttr = 0
endfacet
facet normal -6,675856E-001 3,854318E-001 6,370023E-001
vertex -4,068980E001 1,480980E001 2,499990E001
vertex -3,020100E001 1,099220E001 3,830220E001
vertex -3,317060E001 2,783340E001 2,499990E001
AddAttr = 0
endfacet
facet normal -6,675895E-001 3,854291E-001 6,369998E-001
vertex -2,462010E001 2,065870E001 3,830220E001
vertex -3,317060E001 2,783340E001 2,499990E001
vertex -3,020100E001 1,099220E001 3,830220E001
AddAttr = 0
endfacet
facet normal -4,955015E-001 5,905163E-001 6,369998E-001
vertex -3,317060E001 2,783340E001 2,499990E001
vertex -2,462010E001 2,065870E001 3,830220E001
vertex -2,165050E001 3,749990E001 2,499990E001
AddAttr = 0
endfacet
facet normal -4,955007E-001 5,905165E-001 6,370002E-001
vertex -1,606960E001 2,783340E001 3,830220E001
vertex -2,165050E001 3,749990E001 2,499990E001
vertex -2,462010E001 2,065870E001 3,830220E001
AddAttr = 0
endfacet
facet normal -2,636504E-001 7,243747E-001 6,370007E-001
vertex -2,165050E001 3,749990E001 2,499990E001
vertex -1,606960E001 2,783340E001 3,830220E001
vertex -7,519100E000 4,264330E001 2,499990E001
AddAttr = 0
endfacet
facet normal -2,636527E-001 7,243749E-001 6,369994E-001
vertex -5,580900E000 3,165100E001 3,830220E001
vertex -7,519100E000 4,264330E001 2,499990E001
vertex -1,606960E001 2,783340E001 3,830220E001
AddAttr = 0
endfacet
facet normal 0,000000E000 7,708638E-001 6,370000E-001
vertex -7,519100E000 4,264330E001 2,499990E001
vertex -5,580900E000 3,165100E001 3,830220E001
vertex 7,519100E000 4,264330E001 2,499990E001
AddAttr = 0
endfacet
facet normal 0,000000E000 7,708638E-001 6,370000E-001
vertex 5,580900E000 3,165100E001 3,830220E001
vertex 7,519100E000 4,264330E001 2,499990E001
vertex -5,580900E000 3,165100E001 3,830220E001
AddAttr = 0
endfacet
facet normal 2,636490E-001 7,243760E-001 6,369998E-001
vertex 7,519100E000 4,264330E001 2,499990E001
vertex 5,580900E000 3,165100E001 3,830220E001
vertex 2,165060E001 3,749990E001 2,499990E001
AddAttr = 0
endfacet
facet normal 2,636519E-001 7,243729E-001 6,370020E-001
vertex 1,606960E001 2,783340E001 3,830220E001
vertex 2,165060E001 3,749990E001 2,499990E001
vertex 5,580900E000 3,165100E001 3,830220E001
AddAttr = 0
endfacet
facet normal 4,955028E-001 5,905128E-001 6,370021E-001
vertex 2,165060E001 3,749990E001 2,499990E001
vertex 1,606960E001 2,783340E001 3,830220E001
vertex 3,317060E001 2,783340E001 2,499990E001
AddAttr = 0
endfacet
facet normal 4,955010E-001 5,905168E-001 6,369998E-001
vertex 2,462010E001 2,065870E001 3,830220E001
vertex 3,317060E001 2,783340E001 2,499990E001
vertex 1,606960E001 2,783340E001 3,830220E001
AddAttr = 0
endfacet
facet normal 6,675870E-001 3,854327E-001 6,370001E-001
vertex 3,317060E001 2,783340E001 2,499990E001
vertex 2,462010E001 2,065870E001 3,830220E001
vertex 4,068980E001 1,480980E001 2,499990E001
AddAttr = 0
endfacet
facet normal 6,675874E-001 3,854279E-001 6,370026E-001
vertex 3,020100E001 1,099220E001 3,830220E001
vertex 4,068980E001 1,480980E001 2,499990E001
vertex 2,462010E001 2,065870E001 3,830220E001
AddAttr = 0
endfacet
facet normal 7,591502E-001 1,338603E-001 6,370026E-001
vertex 4,068980E001 1,480980E001 2,499990E001
vertex 3,020100E001 1,099220E001 3,830220E001
vertex 4,330120E001 0,000000E000 2,499990E001
AddAttr = 0
endfacet
facet normal 7,591513E-001 1,338643E-001 6,370004E-001
vertex 3,213930E001 0,000000E000 3,830220E001
vertex 4,330120E001 0,000000E000 2,499990E001
vertex 3,020100E001 1,099220E001 3,830220E001
AddAttr = 0
endfacet
facet normal 4,980693E-001 -8,782662E-002 8,626781E-001
vertex 3,213930E001 0,000000E000 3,830220E001
vertex 1,710100E001 0,000000E000 4,698460E001
vertex 3,020100E001 -1,099220E001 3,830220E001
AddAttr = 0
endfacet
facet normal 4,980665E-001 -8,783097E-002 8,626792E-001
vertex 1,606960E001 -5,848800E000 4,698460E001
vertex 3,020100E001 -1,099220E001 3,830220E001
vertex 1,710100E001 0,000000E000 4,698460E001
AddAttr = 0
endfacet
facet normal 4,379954E-001 -2,528742E-001 8,626788E-001
vertex 3,020100E001 -1,099220E001 3,830220E001
vertex 1,606960E001 -5,848800E000 4,698460E001
vertex 2,462010E001 -2,065870E001 3,830220E001
AddAttr = 0
endfacet
facet normal 4,380000E-001 -2,528708E-001 8,626775E-001
vertex 1,310010E001 -1,099230E001 4,698460E001
vertex 2,462010E001 -2,065870E001 3,830220E001
vertex 1,606960E001 -5,848800E000 4,698460E001
AddAttr = 0
endfacet
facet normal 3,250917E-001 -3,874304E-001 8,626778E-001
vertex 2,462010E001 -2,065870E001 3,830220E001
vertex 1,310010E001 -1,099230E001 4,698460E001
vertex 1,606960E001 -2,783340E001 3,830220E001
AddAttr = 0
endfacet
facet normal 3,250890E-001 -3,874312E-001 8,626785E-001
vertex 8,550400E000 -1,480990E001 4,698460E001
vertex 1,606960E001 -2,783340E001 3,830220E001
vertex 1,310010E001 -1,099230E001 4,698460E001
AddAttr = 0
endfacet
facet normal 1,729789E-001 -4,752526E-001 8,626780E-001
vertex 1,606960E001 -2,783340E001 3,830220E001
vertex 8,550400E000 -1,480990E001 4,698460E001
vertex 5,580900E000 -3,165100E001 3,830220E001
AddAttr = 0
endfacet
facet normal 1,729707E-001 -4,752521E-001 8,626799E-001
vertex 2,969500E000 -1,684110E001 4,698460E001
vertex 5,580900E000 -3,165100E001 3,830220E001
vertex 8,550400E000 -1,480990E001 4,698460E001
AddAttr = 0
endfacet
facet normal 0,000000E000 -5,057513E-001 8,626793E-001
vertex 5,580900E000 -3,165100E001 3,830220E001
vertex 2,969500E000 -1,684110E001 4,698460E001
vertex -5,580900E000 -3,165100E001 3,830220E001
AddAttr = 0
endfacet
facet normal 0,000000E000 -5,057513E-001 8,626793E-001
vertex -2,969500E000 -1,684110E001 4,698460E001
vertex -5,580900E000 -3,165100E001 3,830220E001
vertex 2,969500E000 -1,684110E001 4,698460E001
AddAttr = 0
endfacet
facet normal -1,729782E-001 -4,752505E-001 8,626793E-001
vertex -5,580900E000 -3,165100E001 3,830220E001
vertex -2,969500E000 -1,684110E001 4,698460E001
vertex -1,606960E001 -2,783340E001 3,830220E001
AddAttr = 0
endfacet
facet normal -1,729698E-001 -4,752583E-001 8,626766E-001
vertex -8,550500E000 -1,480990E001 4,698460E001
vertex -1,606960E001 -2,783340E001 3,830220E001
vertex -2,969500E000 -1,684110E001 4,698460E001
AddAttr = 0
endfacet
facet normal -3,250923E-001 -3,874311E-001 8,626773E-001
vertex -1,606960E001 -2,783340E001 3,830220E001
vertex -8,550500E000 -1,480990E001 4,698460E001
vertex -2,462010E001 -2,065870E001 3,830220E001
AddAttr = 0
endfacet
facet normal -3,250937E-001 -3,874283E-001 8,626781E-001
vertex -1,310010E001 -1,099230E001 4,698460E001
vertex -2,462010E001 -2,065870E001 3,830220E001
vertex -8,550500E000 -1,480990E001 4,698460E001
AddAttr = 0
endfacet
facet normal -4,379968E-001 -2,528750E-001 8,626778E-001
vertex -2,462010E001 -2,065870E001 3,830220E001
vertex -1,310010E001 -1,099230E001 4,698460E001
vertex -3,020100E001 -1,099220E001 3,830220E001
AddAttr = 0
endfacet
facet normal -4,379975E-001 -2,528693E-001 8,626791E-001
vertex -1,606960E001 -5,848800E000 4,698460E001
vertex -3,020100E001 -1,099220E001 3,830220E001
vertex -1,310010E001 -1,099230E001 4,698460E001
AddAttr = 0
endfacet
facet normal -4,980679E-001 -8,782637E-002 8,626789E-001
vertex -3,020100E001 -1,099220E001 3,830220E001
vertex -1,606960E001 -5,848800E000 4,698460E001
vertex -3,213930E001 0,000000E000 3,830220E001
AddAttr = 0
endfacet
facet normal -4,980691E-001 -8,783143E-002 8,626777E-001
vertex -1,710100E001 0,000000E000 4,698460E001
vertex -3,213930E001 0,000000E000 3,830220E001
vertex -1,606960E001 -5,848800E000 4,698460E001
AddAttr = 0
endfacet
facet normal -4,980693E-001 8,782662E-002 8,626781E-001
vertex -3,213930E001 0,000000E000 3,830220E001
vertex -1,710100E001 0,000000E000 4,698460E001
vertex -3,020100E001 1,099220E001 3,830220E001
AddAttr = 0
endfacet
facet normal -4,980665E-001 8,783097E-002 8,626792E-001
vertex -1,606960E001 5,848800E000 4,698460E001
vertex -3,020100E001 1,099220E001 3,830220E001
vertex -1,710100E001 0,000000E000 4,698460E001
AddAttr = 0
endfacet
facet normal -4,379954E-001 2,528742E-001 8,626788E-001
vertex -3,020100E001 1,099220E001 3,830220E001
vertex -1,606960E001 5,848800E000 4,698460E001
vertex -2,462010E001 2,065870E001 3,830220E001
AddAttr = 0
endfacet
facet normal -4,380000E-001 2,528708E-001 8,626775E-001
vertex -1,310010E001 1,099230E001 4,698460E001
vertex -2,462010E001 2,065870E001 3,830220E001
vertex -1,606960E001 5,848800E000 4,698460E001
AddAttr = 0
endfacet
facet normal -3,250917E-001 3,874304E-001 8,626778E-001
vertex -2,462010E001 2,065870E001 3,830220E001
vertex -1,310010E001 1,099230E001 4,698460E001
vertex -1,606960E001 2,783340E001 3,830220E001
AddAttr = 0
endfacet
facet normal -3,250890E-001 3,874312E-001 8,626785E-001
vertex -8,550400E000 1,480990E001 4,698460E001
vertex -1,606960E001 2,783340E001 3,830220E001
vertex -1,310010E001 1,099230E001 4,698460E001
AddAttr = 0
endfacet
facet normal -1,729789E-001 4,752526E-001 8,626780E-001
vertex -1,606960E001 2,783340E001 3,830220E001
vertex -8,550400E000 1,480990E001 4,698460E001
vertex -5,580900E000 3,165100E001 3,830220E001
AddAttr = 0
endfacet
facet normal -1,729707E-001 4,752521E-001 8,626799E-001
vertex -2,969500E000 1,684110E001 4,698460E001
vertex -5,580900E000 3,165100E001 3,830220E001
vertex -8,550400E000 1,480990E001 4,698460E001
AddAttr = 0
endfacet
facet normal 0,000000E000 5,057513E-001 8,626793E-001
vertex -5,580900E000 3,165100E001 3,830220E001
vertex -2,969500E000 1,684110E001 4,698460E001
vertex 5,580900E000 3,165100E001 3,830220E001
AddAttr = 0
endfacet
facet normal 0,000000E000 5,057513E-001 8,626793E-001
vertex 2,969500E000 1,684110E001 4,698460E001
vertex 5,580900E000 3,165100E001 3,830220E001
vertex -2,969500E000 1,684110E001 4,698460E001
AddAttr = 0
endfacet
facet normal 1,729782E-001 4,752505E-001 8,626793E-001
vertex 5,580900E000 3,165100E001 3,830220E001
vertex 2,969500E000 1,684110E001 4,698460E001
vertex 1,606960E001 2,783340E001 3,830220E001
AddAttr = 0
endfacet
facet normal 1,729698E-001 4,752583E-001 8,626766E-001
vertex 8,550500E000 1,480990E001 4,698460E001
vertex 1,606960E001 2,783340E001 3,830220E001
vertex 2,969500E000 1,684110E001 4,698460E001
AddAttr = 0
endfacet
facet normal 3,250923E-001 3,874311E-001 8,626773E-001
vertex 1,606960E001 2,783340E001 3,830220E001
vertex 8,550500E000 1,480990E001 4,698460E001
vertex 2,462010E001 2,065870E001 3,830220E001
AddAttr = 0
endfacet
facet normal 3,250937E-001 3,874283E-001 8,626781E-001
vertex 1,310010E001 1,099230E001 4,698460E001
vertex 2,462010E001 2,065870E001 3,830220E001
vertex 8,550500E000 1,480990E001 4,698460E001
AddAttr = 0
endfacet
facet normal 4,379968E-001 2,528750E-001 8,626778E-001
vertex 2,462010E001 2,065870E001 3,830220E001
vertex 1,310010E001 1,099230E001 4,698460E001
vertex 3,020100E001 1,099220E001 3,830220E001
AddAttr = 0
endfacet
facet normal 4,379975E-001 2,528693E-001 8,626791E-001
vertex 1,606960E001 5,848800E000 4,698460E001
vertex 3,020100E001 1,099220E001 3,830220E001
vertex 1,310010E001 1,099230E001 4,698460E001
AddAttr = 0
endfacet
facet normal 4,980679E-001 8,782637E-002 8,626789E-001
vertex 3,020100E001 1,099220E001 3,830220E001
vertex 1,606960E001 5,848800E000 4,698460E001
vertex 3,213930E001 0,000000E000 3,830220E001
AddAttr = 0
endfacet
facet normal 4,980691E-001 8,783143E-002 8,626777E-001
vertex 1,710100E001 0,000000E000 4,698460E001
vertex 3,213930E001 0,000000E000 3,830220E001
vertex 1,606960E001 5,848800E000 4,698460E001
AddAttr = 0
endfacet
facet normal 1,735686E-001 -3,060776E-002 9,843460E-001
vertex 1,710100E001 0,000000E000 4,698460E001
vertex 0,000000E000 0,000000E000 5,000000E001
vertex 1,606960E001 -5,848800E000 4,698460E001
AddAttr = 0
endfacet
facet normal 1,526356E-001 -8,812122E-002 9,843460E-001
vertex 1,606960E001 -5,848800E000 4,698460E001
vertex 0,000000E000 0,000000E000 5,000000E001
vertex 1,310010E001 -1,099230E001 4,698460E001
AddAttr = 0
endfacet
facet normal 1,132883E-001 -1,350135E-001 9,843460E-001
vertex 1,310010E001 -1,099230E001 4,698460E001
vertex 0,000000E000 0,000000E000 5,000000E001
vertex 8,550400E000 -1,480990E001 4,698460E001
AddAttr = 0
endfacet
facet normal 6,027787E-002 -1,656187E-001 9,843460E-001
vertex 8,550400E000 -1,480990E001 4,698460E001
vertex 0,000000E000 0,000000E000 5,000000E001
vertex 2,969500E000 -1,684110E001 4,698460E001
AddAttr = 0
endfacet
facet normal 0,000000E000 -1,762472E-001 9,843459E-001
vertex 2,969500E000 -1,684110E001 4,698460E001
vertex 0,000000E000 0,000000E000 5,000000E001
vertex -2,969500E000 -1,684110E001 4,698460E001
AddAttr = 0
endfacet
facet normal -6,027686E-002 -1,656189E-001 9,843460E-001
vertex -2,969500E000 -1,684110E001 4,698460E001
vertex 0,000000E000 0,000000E000 5,000000E001
vertex -8,550500E000 -1,480990E001 4,698460E001
AddAttr = 0
endfacet
facet normal -1,132895E-001 -1,350121E-001 9,843461E-001
vertex -8,550500E000 -1,480990E001 4,698460E001
vertex 0,000000E000 0,000000E000 5,000000E001
vertex -1,310010E001 -1,099230E001 4,698460E001
AddAttr = 0
endfacet
facet normal -1,526356E-001 -8,812122E-002 9,843460E-001
vertex -1,310010E001 -1,099230E001 4,698460E001
vertex 0,000000E000 0,000000E000 5,000000E001
vertex -1,606960E001 -5,848800E000 4,698460E001
AddAttr = 0
endfacet
facet normal -1,735686E-001 -3,060776E-002 9,843460E-001
vertex -1,606960E001 -5,848800E000 4,698460E001
vertex 0,000000E000 0,000000E000 5,000000E001
vertex -1,710100E001 0,000000E000 4,698460E001
AddAttr = 0
endfacet
facet normal -1,735686E-001 3,060776E-002 9,843460E-001
vertex -1,710100E001 0,000000E000 4,698460E001
vertex 0,000000E000 0,000000E000 5,000000E001
vertex -1,606960E001 5,848800E000 4,698460E001
AddAttr = 0
endfacet
facet normal -1,526356E-001 8,812122E-002 9,843460E-001
vertex -1,606960E001 5,848800E000 4,698460E001
vertex 0,000000E000 0,000000E000 5,000000E001
vertex -1,310010E001 1,099230E001 4,698460E001
AddAttr = 0
endfacet
facet normal -1,132883E-001 1,350135E-001 9,843460E-001
vertex -1,310010E001 1,099230E001 4,698460E001
vertex 0,000000E000 0,000000E000 5,000000E001
vertex -8,550400E000 1,480990E001 4,698460E001
AddAttr = 0
endfacet
facet normal -6,027787E-002 1,656187E-001 9,843460E-001
vertex -8,550400E000 1,480990E001 4,698460E001
vertex 0,000000E000 0,000000E000 5,000000E001
vertex -2,969500E000 1,684110E001 4,698460E001
AddAttr = 0
endfacet
facet normal 0,000000E000 1,762472E-001 9,843459E-001
vertex -2,969500E000 1,684110E001 4,698460E001
vertex 0,000000E000 0,000000E000 5,000000E001
vertex 2,969500E000 1,684110E001 4,698460E001
AddAttr = 0
endfacet
facet normal 6,027686E-002 1,656189E-001 9,843460E-001
vertex 2,969500E000 1,684110E001 4,698460E001
vertex 0,000000E000 0,000000E000 5,000000E001
vertex 8,550500E000 1,480990E001 4,698460E001
AddAttr = 0
endfacet
facet normal 1,132895E-001 1,350121E-001 9,843461E-001
vertex 8,550500E000 1,480990E001 4,698460E001
vertex 0,000000E000 0,000000E000 5,000000E001
vertex 1,310010E001 1,099230E001 4,698460E001
AddAttr = 0
endfacet
facet normal 1,526356E-001 8,812122E-002 9,843460E-001
vertex 1,310010E001 1,099230E001 4,698460E001
vertex 0,000000E000 0,000000E000 5,000000E001
vertex 1,606960E001 5,848800E000 4,698460E001
AddAttr = 0
endfacet
facet normal 1,735686E-001 3,060776E-002 9,843460E-001
vertex 1,606960E001 5,848800E000 4,698460E001
vertex 0,000000E000 0,000000E000 5,000000E001
vertex 1,710100E001 0,000000E000 4,698460E001
AddAttr = 0
endfacet
