facet normal 2,582023E-001 -6,918639E-002 -9,636103E-001
vertex 2,165050E001 -1,249990E001 -4,330120E001
vertex 0,000000E000 0,000000E000 -5,000000E001
vertex 2,499990E001 0,000000E000 -4,330120E001
AddAttr = 0
endfacet
facet normal 1,890178E-001 -1,890178E-001 -9,636102E-001
vertex 1,249990E001 -2,165050E001 -4,330120E001
vertex 0,000000E000 0,000000E000 -5,000000E001
vertex 2,165050E001 -1,249990E001 -4,330120E001
AddAttr = 0
endfacet
facet normal 6,918639E-002 -2,582023E-001 -9,636103E-001
vertex 0,000000E000 -2,499990E001 -4,330120E001
vertex 0,000000E000 0,000000E000 -5,000000E001
vertex 1,249990E001 -2,165050E001 -4,330120E001
AddAttr = 0
endfacet
facet normal -6,918639E-002 -2,582023E-001 -9,636103E-001
vertex -1,249990E001 -2,165050E001 -4,330120E001
vertex 0,000000E000 0,000000E000 -5,000000E001
vertex 0,000000E000 -2,499990E001 -4,330120E001
AddAttr = 0
endfacet
facet normal -1,890178E-001 -1,890178E-001 -9,636102E-001
vertex -2,165050E001 -1,249990E001 -4,330120E001
vertex 0,000000E000 0,000000E000 -5,000000E001
vertex -1,249990E001 -2,165050E001 -4,330120E001
AddAttr = 0
endfacet
facet normal -2,582023E-001 -6,918639E-002 -9,636103E-001
vertex -2,499990E001 0,000000E000 -4,330120E001
vertex 0,000000E000 0,000000E000 -5,000000E001
vertex -2,165050E001 -1,249990E001 -4,330120E001
AddAttr = 0
endfacet
facet normal -2,582023E-001 6,918639E-002 -9,636103E-001
vertex -2,165050E001 1,249990E001 -4,330120E001
vertex 0,000000E000 0,000000E000 -5,000000E001
vertex -2,499990E001 0,000000E000 -4,330120E001
AddAttr = 0
endfacet
facet normal -1,890178E-001 1,890178E-001 -9,636102E-001
vertex -1,249990E001 2,165050E001 -4,330120E001
vertex 0,000000E000 0,000000E000 -5,000000E001
vertex -2,165050E001 1,249990E001 -4,330120E001
AddAttr = 0
endfacet
facet normal -6,918639E-002 2,582023E-001 -9,636103E-001
vertex 0,000000E000 2,499990E001 -4,330120E001
vertex 0,000000E000 0,000000E000 -5,000000E001
vertex -1,249990E001 2,165050E001 -4,330120E001
AddAttr = 0
endfacet
facet normal 6,918639E-002 2,582023E-001 -9,636103E-001
vertex 1,249990E001 2,165050E001 -4,330120E001
vertex 0,000000E000 0,000000E000 -5,000000E001
vertex 0,000000E000 2,499990E001 -4,330120E001
AddAttr = 0
endfacet
facet normal 1,890178E-001 1,890178E-001 -9,636102E-001
vertex 2,165050E001 1,249990E001 -4,330120E001
vertex 0,000000E000 0,000000E000 -5,000000E001
vertex 1,249990E001 2,165050E001 -4,330120E001
AddAttr = 0
endfacet
facet normal 2,582023E-001 6,918639E-002 -9,636103E-001
vertex 2,499990E001 0,000000E000 -4,330120E001
vertex 0,000000E000 0,000000E000 -5,000000E001
vertex 2,165050E001 1,249990E001 -4,330120E001
AddAttr = 0
endfacet
facet normal 6,947443E-001 -1,861596E-001 -6,947481E-001
vertex 2,499990E001 0,000000E000 -4,330120E001
vertex 4,330120E001 0,000000E000 -2,500000E001
vertex 2,165050E001 -1,249990E001 -4,330120E001
AddAttr = 0
endfacet
facet normal 6,947439E-001 -1,861573E-001 -6,947492E-001
vertex 3,749990E001 -2,165060E001 -2,500000E001
vertex 2,165050E001 -1,249990E001 -4,330120E001
vertex 4,330120E001 0,000000E000 -2,500000E001
AddAttr = 0
endfacet
facet normal 5,085879E-001 -5,085879E-001 -6,947494E-001
vertex 2,165050E001 -1,249990E001 -4,330120E001
vertex 3,749990E001 -2,165060E001 -2,500000E001
vertex 1,249990E001 -2,165050E001 -4,330120E001
AddAttr = 0
endfacet
facet normal 5,085879E-001 -5,085879E-001 -6,947494E-001
vertex 2,165060E001 -3,749990E001 -2,500000E001
vertex 1,249990E001 -2,165050E001 -4,330120E001
vertex 3,749990E001 -2,165060E001 -2,500000E001
AddAttr = 0
endfacet
facet normal 1,861593E-001 -6,947431E-001 -6,947494E-001
vertex 1,249990E001 -2,165050E001 -4,330120E001
vertex 2,165060E001 -3,749990E001 -2,500000E001
vertex 0,000000E000 -2,499990E001 -4,330120E001
AddAttr = 0
endfacet
facet normal 1,861575E-001 -6,947446E-001 -6,947484E-001
vertex 0,000000E000 -4,330120E001 -2,500000E001
vertex 0,000000E000 -2,499990E001 -4,330120E001
vertex 2,165060E001 -3,749990E001 -2,500000E001
AddAttr = 0
endfacet
facet normal -1,861596E-001 -6,947443E-001 -6,947481E-001
vertex 0,000000E000 -2,499990E001 -4,330120E001
vertex 0,000000E000 -4,330120E001 -2,500000E001
vertex -1,249990E001 -2,165050E001 -4,330120E001
AddAttr = 0
endfacet
facet normal -1,861573E-001 -6,947439E-001 -6,947492E-001
vertex -2,165060E001 -3,749990E001 -2,500000E001
vertex -1,249990E001 -2,165050E001 -4,330120E001
vertex 0,000000E000 -4,330120E001 -2,500000E001
AddAttr = 0
endfacet
facet normal -5,085879E-001 -5,085879E-001 -6,947494E-001
vertex -1,249990E001 -2,165050E001 -4,330120E001
vertex -2,165060E001 -3,749990E001 -2,500000E001
vertex -2,165050E001 -1,249990E001 -4,330120E001
AddAttr = 0
endfacet
facet normal -5,085903E-001 -5,085871E-001 -6,947483E-001
vertex -3,749990E001 -2,165050E001 -2,500000E001
vertex -2,165050E001 -1,249990E001 -4,330120E001
vertex -2,165060E001 -3,749990E001 -2,500000E001
AddAttr = 0
endfacet
facet normal -6,947436E-001 -1,861594E-001 -6,947489E-001
vertex -2,165050E001 -1,249990E001 -4,330120E001
vertex -3,749990E001 -2,165050E001 -2,500000E001
vertex -2,499990E001 0,000000E000 -4,330120E001
AddAttr = 0
endfacet
facet normal -6,947445E-001 -1,861583E-001 -6,947483E-001
vertex -4,330120E001 0,000000E000 -2,500000E001
vertex -2,499990E001 0,000000E000 -4,330120E001
vertex -3,749990E001 -2,165050E001 -2,500000E001
AddAttr = 0
endfacet
facet normal -6,947443E-001 1,861596E-001 -6,947481E-001
vertex -2,499990E001 0,000000E000 -4,330120E001
vertex -4,330120E001 0,000000E000 -2,500000E001
vertex -2,165050E001 1,249990E001 -4,330120E001
AddAttr = 0
endfacet
facet normal -6,947441E-001 1,861582E-001 -6,947488E-001
vertex -3,749990E001 2,165050E001 -2,500000E001
vertex -2,165050E001 1,249990E001 -4,330120E001
vertex -4,330120E001 0,000000E000 -2,500000E001
AddAttr = 0
endfacet
facet normal -5,085889E-001 5,085889E-001 -6,947480E-001
vertex -2,165050E001 1,249990E001 -4,330120E001
vertex -3,749990E001 2,165050E001 -2,500000E001
vertex -1,249990E001 2,165050E001 -4,330120E001
AddAttr = 0
endfacet
facet normal -5,085889E-001 5,085889E-001 -6,947480E-001
vertex -2,165050E001 3,749990E001 -2,500000E001
vertex -1,249990E001 2,165050E001 -4,330120E001
vertex -3,749990E001 2,165050E001 -2,500000E001
AddAttr = 0
endfacet
facet normal -1,861594E-001 6,947436E-001 -6,947489E-001
vertex -1,249990E001 2,165050E001 -4,330120E001
vertex -2,165050E001 3,749990E001 -2,500000E001
vertex 0,000000E000 2,499990E001 -4,330120E001
AddAttr = 0
endfacet
facet normal -1,861583E-001 6,947445E-001 -6,947483E-001
vertex 0,000000E000 4,330120E001 -2,500000E001
vertex 0,000000E000 2,499990E001 -4,330120E001
vertex -2,165050E001 3,749990E001 -2,500000E001
AddAttr = 0
endfacet
facet normal 1,861596E-001 6,947443E-001 -6,947481E-001
vertex 0,000000E000 2,499990E001 -4,330120E001
vertex 0,000000E000 4,330120E001 -2,500000E001
vertex 1,249990E001 2,165050E001 -4,330120E001
AddAttr = 0
endfacet
facet normal 1,861573E-001 6,947439E-001 -6,947492E-001
vertex 2,165060E001 3,749990E001 -2,500000E001
vertex 1,249990E001 2,165050E001 -4,330120E001
vertex 0,000000E000 4,330120E001 -2,500000E001
AddAttr = 0
endfacet
facet normal 5,085879E-001 5,085879E-001 -6,947494E-001
vertex 1,249990E001 2,165050E001 -4,330120E001
vertex 2,165060E001 3,749990E001 -2,500000E001
vertex 2,165050E001 1,249990E001 -4,330120E001
AddAttr = 0
endfacet
facet normal 5,085903E-001 5,085871E-001 -6,947483E-001
vertex 3,749990E001 2,165050E001 -2,500000E001
vertex 2,165050E001 1,249990E001 -4,330120E001
vertex 2,165060E001 3,749990E001 -2,500000E001
AddAttr = 0
endfacet
facet normal 6,947436E-001 1,861594E-001 -6,947489E-001
vertex 2,165050E001 1,249990E001 -4,330120E001
vertex 3,749990E001 2,165050E001 -2,500000E001
vertex 2,499990E001 0,000000E000 -4,330120E001
AddAttr = 0
endfacet
facet normal 6,947445E-001 1,861583E-001 -6,947483E-001
vertex 4,330120E001 0,000000E000 -2,500000E001
vertex 2,499990E001 0,000000E000 -4,330120E001
vertex 3,749990E001 2,165050E001 -2,500000E001
AddAttr = 0
endfacet
facet normal 9,351121E-001 -2,505642E-001 -2,505652E-001
vertex 4,330120E001 0,000000E000 -2,500000E001
vertex 5,000000E001 0,000000E000 0,000000E000
vertex 3,749990E001 -2,165060E001 -2,500000E001
AddAttr = 0
endfacet
facet normal 9,351121E-001 -2,505651E-001 -2,505643E-001
vertex 4,330120E001 -2,500000E001 0,000000E000
vertex 3,749990E001 -2,165060E001 -2,500000E001
vertex 5,000000E001 0,000000E000 0,000000E000
AddAttr = 0
endfacet
facet normal 6,845500E-001 -6,845500E-001 -2,505645E-001
vertex 3,749990E001 -2,165060E001 -2,500000E001
vertex 4,330120E001 -2,500000E001 0,000000E000
vertex 2,165060E001 -3,749990E001 -2,500000E001
AddAttr = 0
endfacet
facet normal 6,845500E-001 -6,845500E-001 -2,505645E-001
vertex 2,500000E001 -4,330120E001 0,000000E000
vertex 2,165060E001 -3,749990E001 -2,500000E001
vertex 4,330120E001 -2,500000E001 0,000000E000
AddAttr = 0
endfacet
facet normal 2,505643E-001 -9,351124E-001 -2,505643E-001
vertex 2,165060E001 -3,749990E001 -2,500000E001
vertex 2,500000E001 -4,330120E001 0,000000E000
vertex 0,000000E000 -4,330120E001 -2,500000E001
AddAttr = 0
endfacet
facet normal 2,505651E-001 -9,351119E-001 -2,505651E-001
vertex 0,000000E000 -5,000000E001 0,000000E000
vertex 0,000000E000 -4,330120E001 -2,500000E001
vertex 2,500000E001 -4,330120E001 0,000000E000
AddAttr = 0
endfacet
facet normal -2,505642E-001 -9,351121E-001 -2,505652E-001
vertex 0,000000E000 -4,330120E001 -2,500000E001
vertex 0,000000E000 -5,000000E001 0,000000E000
vertex -2,165060E001 -3,749990E001 -2,500000E001
AddAttr = 0
endfacet
facet normal -2,505651E-001 -9,351121E-001 -2,505643E-001
vertex -2,500000E001 -4,330120E001 0,000000E000
vertex -2,165060E001 -3,749990E001 -2,500000E001
vertex 0,000000E000 -5,000000E001 0,000000E000
AddAttr = 0
endfacet
facet normal -6,845522E-001 -6,845479E-001 -2,505643E-001
vertex -2,165060E001 -3,749990E001 -2,500000E001
vertex -2,500000E001 -4,330120E001 0,000000E000
vertex -3,749990E001 -2,165050E001 -2,500000E001
AddAttr = 0
endfacet
facet normal -6,845518E-001 -6,845481E-001 -2,505646E-001
vertex -4,330120E001 -2,499990E001 0,000000E000
vertex -3,749990E001 -2,165050E001 -2,500000E001
vertex -2,500000E001 -4,330120E001 0,000000E000
AddAttr = 0
endfacet
facet normal -9,351120E-001 -2,505654E-001 -2,505644E-001
vertex -3,749990E001 -2,165050E001 -2,500000E001
vertex -4,330120E001 -2,499990E001 0,000000E000
vertex -4,330120E001 0,000000E000 -2,500000E001
AddAttr = 0
endfacet
facet normal -9,351116E-001 -2,505660E-001 -2,505651E-001
vertex -5,000000E001 0,000000E000 0,000000E000
vertex -4,330120E001 0,000000E000 -2,500000E001
vertex -4,330120E001 -2,499990E001 0,000000E000
AddAttr = 0
endfacet
facet normal -9,351118E-001 2,505653E-001 -2,505651E-001
vertex -4,330120E001 0,000000E000 -2,500000E001
vertex -5,000000E001 0,000000E000 0,000000E000
vertex -3,749990E001 2,165050E001 -2,500000E001
AddAttr = 0
endfacet
facet normal -9,351118E-001 2,505661E-001 -2,505644E-001
vertex -4,330120E001 2,499990E001 0,000000E000
vertex -3,749990E001 2,165050E001 -2,500000E001
vertex -5,000000E001 0,000000E000 0,000000E000
AddAttr = 0
endfacet
facet normal -6,845500E-001 6,845500E-001 -2,505645E-001
vertex -3,749990E001 2,165050E001 -2,500000E001
vertex -4,330120E001 2,499990E001 0,000000E000
vertex -2,165050E001 3,749990E001 -2,500000E001
AddAttr = 0
endfacet
facet normal -6,845500E-001 6,845500E-001 -2,505645E-001
vertex -2,499990E001 4,330120E001 0,000000E000
vertex -2,165050E001 3,749990E001 -2,500000E001
vertex -4,330120E001 2,499990E001 0,000000E000
AddAttr = 0
endfacet
facet normal -2,505654E-001 9,351120E-001 -2,505644E-001
vertex -2,165050E001 3,749990E001 -2,500000E001
vertex -2,499990E001 4,330120E001 0,000000E000
vertex 0,000000E000 4,330120E001 -2,500000E001
AddAttr = 0
endfacet
facet normal -2,505660E-001 9,351116E-001 -2,505651E-001
vertex 0,000000E000 5,000000E001 0,000000E000
vertex 0,000000E000 4,330120E001 -2,500000E001
vertex -2,499990E001 4,330120E001 0,000000E000
AddAttr = 0
endfacet
facet normal 2,505642E-001 9,351121E-001 -2,505652E-001
vertex 0,000000E000 4,330120E001 -2,500000E001
vertex 0,000000E000 5,000000E001 0,000000E000
vertex 2,165060E001 3,749990E001 -2,500000E001
AddAttr = 0
endfacet
facet normal 2,505651E-001 9,351121E-001 -2,505643E-001
vertex 2,500000E001 4,330120E001 0,000000E000
vertex 2,165060E001 3,749990E001 -2,500000E001
vertex 0,000000E000 5,000000E001 0,000000E000
AddAttr = 0
endfacet
facet normal 6,845522E-001 6,845479E-001 -2,505643E-001
vertex 2,165060E001 3,749990E001 -2,500000E001
vertex 2,500000E001 4,330120E001 0,000000E000
vertex 3,749990E001 2,165050E001 -2,500000E001
AddAttr = 0
endfacet
facet normal 6,845518E-001 6,845481E-001 -2,505646E-001
vertex 4,330120E001 2,499990E001 0,000000E000
vertex 3,749990E001 2,165050E001 -2,500000E001
vertex 2,500000E001 4,330120E001 0,000000E000
AddAttr = 0
endfacet
facet normal 9,351120E-001 2,505654E-001 -2,505644E-001
vertex 3,749990E001 2,165050E001 -2,500000E001
vertex 4,330120E001 2,499990E001 0,000000E000
vertex 4,330120E001 0,000000E000 -2,500000E001
AddAttr = 0
endfacet
facet normal 9,351116E-001 2,505660E-001 -2,505651E-001
vertex 5,000000E001 0,000000E000 0,000000E000
vertex 4,330120E001 0,000000E000 -2,500000E001
vertex 4,330120E001 2,499990E001 0,000000E000
AddAttr = 0
endfacet
facet normal 9,351116E-001 -2,505651E-001 2,505660E-001
vertex 5,000000E001 0,000000E000 0,000000E000
vertex 4,330120E001 0,000000E000 2,499990E001
vertex 4,330120E001 -2,500000E001 0,000000E000
AddAttr = 0
endfacet
facet normal 9,351121E-001 -2,505642E-001 2,505652E-001
vertex 3,749990E001 -2,165060E001 2,499990E001
vertex 4,330120E001 -2,500000E001 0,000000E000
vertex 4,330120E001 0,000000E000 2,499990E001
AddAttr = 0
endfacet
facet normal 6,845499E-001 -6,845499E-001 2,505654E-001
vertex 4,330120E001 -2,500000E001 0,000000E000
vertex 3,749990E001 -2,165060E001 2,499990E001
vertex 2,500000E001 -4,330120E001 0,000000E000
AddAttr = 0
endfacet
facet normal 6,845499E-001 -6,845499E-001 2,505654E-001
vertex 2,165060E001 -3,749990E001 2,499990E001
vertex 2,500000E001 -4,330120E001 0,000000E000
vertex 3,749990E001 -2,165060E001 2,499990E001
AddAttr = 0
endfacet
facet normal 2,505651E-001 -9,351118E-001 2,505653E-001
vertex 2,500000E001 -4,330120E001 0,000000E000
vertex 2,165060E001 -3,749990E001 2,499990E001
vertex 0,000000E000 -5,000000E001 0,000000E000
AddAttr = 0
endfacet
facet normal 2,505642E-001 -9,351119E-001 2,505661E-001
vertex 0,000000E000 -4,330120E001 2,499990E001
vertex 0,000000E000 -5,000000E001 0,000000E000
vertex 2,165060E001 -3,749990E001 2,499990E001
AddAttr = 0
endfacet
facet normal -2,505651E-001 -9,351116E-001 2,505660E-001
vertex 0,000000E000 -5,000000E001 0,000000E000
vertex 0,000000E000 -4,330120E001 2,499990E001
vertex -2,500000E001 -4,330120E001 0,000000E000
AddAttr = 0
endfacet
facet normal -2,505642E-001 -9,351121E-001 2,505652E-001
vertex -2,165060E001 -3,749990E001 2,499990E001
vertex -2,500000E001 -4,330120E001 0,000000E000
vertex 0,000000E000 -4,330120E001 2,499990E001
AddAttr = 0
endfacet
facet normal -6,845517E-001 -6,845480E-001 2,505652E-001
vertex -2,500000E001 -4,330120E001 0,000000E000
vertex -2,165060E001 -3,749990E001 2,499990E001
vertex -4,330120E001 -2,499990E001 0,000000E000
AddAttr = 0
endfacet
facet normal -6,845520E-001 -6,845477E-001 2,505656E-001
vertex -3,749990E001 -2,165050E001 2,499990E001
vertex -4,330120E001 -2,499990E001 0,000000E000
vertex -2,165060E001 -3,749990E001 2,499990E001
AddAttr = 0
endfacet
facet normal -9,351116E-001 -2,505660E-001 2,505654E-001
vertex -4,330120E001 -2,499990E001 0,000000E000
vertex -3,749990E001 -2,165050E001 2,499990E001
vertex -5,000000E001 0,000000E000 0,000000E000
AddAttr = 0
endfacet
facet normal -9,351116E-001 -2,505653E-001 2,505660E-001
vertex -4,330120E001 0,000000E000 2,499990E001
vertex -5,000000E001 0,000000E000 0,000000E000
vertex -3,749990E001 -2,165050E001 2,499990E001
AddAttr = 0
endfacet
facet normal -9,351114E-001 2,505660E-001 2,505660E-001
vertex -5,000000E001 0,000000E000 0,000000E000
vertex -4,330120E001 0,000000E000 2,499990E001
vertex -4,330120E001 2,499990E001 0,000000E000
AddAttr = 0
endfacet
facet normal -9,351118E-001 2,505653E-001 2,505653E-001
vertex -3,749990E001 2,165050E001 2,499990E001
vertex -4,330120E001 2,499990E001 0,000000E000
vertex -4,330120E001 0,000000E000 2,499990E001
AddAttr = 0
endfacet
facet normal -6,845499E-001 6,845499E-001 2,505654E-001
vertex -4,330120E001 2,499990E001 0,000000E000
vertex -3,749990E001 2,165050E001 2,499990E001
vertex -2,499990E001 4,330120E001 0,000000E000
AddAttr = 0
endfacet
facet normal -6,845499E-001 6,845499E-001 2,505654E-001
vertex -2,165050E001 3,749990E001 2,499990E001
vertex -2,499990E001 4,330120E001 0,000000E000
vertex -3,749990E001 2,165050E001 2,499990E001
AddAttr = 0
endfacet
facet normal -2,505660E-001 9,351116E-001 2,505654E-001
vertex -2,499990E001 4,330120E001 0,000000E000
vertex -2,165050E001 3,749990E001 2,499990E001
vertex 0,000000E000 5,000000E001 0,000000E000
AddAttr = 0
endfacet
facet normal -2,505653E-001 9,351116E-001 2,505660E-001
vertex 0,000000E000 4,330120E001 2,499990E001
vertex 0,000000E000 5,000000E001 0,000000E000
vertex -2,165050E001 3,749990E001 2,499990E001
AddAttr = 0
endfacet
facet normal 2,505651E-001 9,351116E-001 2,505660E-001
vertex 0,000000E000 5,000000E001 0,000000E000
vertex 0,000000E000 4,330120E001 2,499990E001
vertex 2,500000E001 4,330120E001 0,000000E000
AddAttr = 0
endfacet
facet normal 2,505642E-001 9,351121E-001 2,505652E-001
vertex 2,165060E001 3,749990E001 2,499990E001
vertex 2,500000E001 4,330120E001 0,000000E000
vertex 0,000000E000 4,330120E001 2,499990E001
AddAttr = 0
endfacet
facet normal 6,845517E-001 6,845480E-001 2,505652E-001
vertex 2,500000E001 4,330120E001 0,000000E000
vertex 2,165060E001 3,749990E001 2,499990E001
vertex 4,330120E001 2,499990E001 0,000000E000
AddAttr = 0
endfacet
facet normal 6,845520E-001 6,845477E-001 2,505656E-001
vertex 3,749990E001 2,165050E001 2,499990E001
vertex 4,330120E001 2,499990E001 0,000000E000
vertex 2,165060E001 3,749990E001 2,499990E001
AddAttr = 0
endfacet
facet normal 9,351116E-001 2,505660E-001 2,505654E-001
vertex 4,330120E001 2,499990E001 0,000000E000
vertex 3,749990E001 2,165050E001 2,499990E001
vertex 5,000000E001 0,000000E000 0,000000E000
AddAttr = 0
endfacet
facet normal 9,351116E-001 2,505653E-001 2,505660E-001
vertex 4,330120E001 0,000000E000 2,499990E001
vertex 5,000000E001 0,000000E000 0,000000E000
vertex 3,749990E001 2,165050E001 2,499990E001
AddAttr = 0
endfacet
facet normal 6,947464E-001 -1,861580E-001 6,947464E-001
vertex 4,330120E001 0,000000E000 2,499990E001
vertex 2,499990E001 0,000000E000 4,330120E001
vertex 3,749990E001 -2,165060E001 2,499990E001
AddAttr = 0
endfacet
facet normal 6,947449E-001 -1,861598E-001 6,947475E-001
vertex 2,165050E001 -1,249990E001 4,330120E001
vertex 3,749990E001 -2,165060E001 2,499990E001
vertex 2,499990E001 0,000000E000 4,330120E001
AddAttr = 0
endfacet
facet normal 5,085892E-001 -5,085892E-001 6,947474E-001
vertex 3,749990E001 -2,165060E001 2,499990E001
vertex 2,165050E001 -1,249990E001 4,330120E001
vertex 2,165060E001 -3,749990E001 2,499990E001
AddAttr = 0
endfacet
facet normal 5,085892E-001 -5,085892E-001 6,947474E-001
vertex 1,249990E001 -2,165050E001 4,330120E001
vertex 2,165060E001 -3,749990E001 2,499990E001
vertex 2,165050E001 -1,249990E001 4,330120E001
AddAttr = 0
endfacet
facet normal 1,861578E-001 -6,947457E-001 6,947472E-001
vertex 2,165060E001 -3,749990E001 2,499990E001
vertex 1,249990E001 -2,165050E001 4,330120E001
vertex 0,000000E000 -4,330120E001 2,499990E001
AddAttr = 0
endfacet
facet normal 1,861601E-001 -6,947461E-001 6,947461E-001
vertex 0,000000E000 -2,499990E001 4,330120E001
vertex 0,000000E000 -4,330120E001 2,499990E001
vertex 1,249990E001 -2,165050E001 4,330120E001
AddAttr = 0
endfacet
facet normal -1,861580E-001 -6,947464E-001 6,947464E-001
vertex 0,000000E000 -4,330120E001 2,499990E001
vertex 0,000000E000 -2,499990E001 4,330120E001
vertex -2,165060E001 -3,749990E001 2,499990E001
AddAttr = 0
endfacet
facet normal -1,861598E-001 -6,947449E-001 6,947475E-001
vertex -1,249990E001 -2,165050E001 4,330120E001
vertex -2,165060E001 -3,749990E001 2,499990E001
vertex 0,000000E000 -2,499990E001 4,330120E001
AddAttr = 0
endfacet
facet normal -5,085911E-001 -5,085878E-001 6,947471E-001
vertex -2,165060E001 -3,749990E001 2,499990E001
vertex -1,249990E001 -2,165050E001 4,330120E001
vertex -3,749990E001 -2,165050E001 2,499990E001
AddAttr = 0
endfacet
facet normal -5,085902E-001 -5,085902E-001 6,947460E-001
vertex -2,165050E001 -1,249990E001 4,330120E001
vertex -3,749990E001 -2,165050E001 2,499990E001
vertex -1,249990E001 -2,165050E001 4,330120E001
AddAttr = 0
endfacet
facet normal -6,947459E-001 -1,861587E-001 6,947468E-001
vertex -3,749990E001 -2,165050E001 2,499990E001
vertex -2,165050E001 -1,249990E001 4,330120E001
vertex -4,330120E001 0,000000E000 2,499990E001
AddAttr = 0
endfacet
facet normal -6,947461E-001 -1,861601E-001 6,947461E-001
vertex -2,499990E001 0,000000E000 4,330120E001
vertex -4,330120E001 0,000000E000 2,499990E001
vertex -2,165050E001 -1,249990E001 4,330120E001
AddAttr = 0
endfacet
facet normal -6,947463E-001 1,861588E-001 6,947463E-001
vertex -4,330120E001 0,000000E000 2,499990E001
vertex -2,499990E001 0,000000E000 4,330120E001
vertex -3,749990E001 2,165050E001 2,499990E001
AddAttr = 0
endfacet
facet normal -6,947454E-001 1,861599E-001 6,947470E-001
vertex -2,165050E001 1,249990E001 4,330120E001
vertex -3,749990E001 2,165050E001 2,499990E001
vertex -2,499990E001 0,000000E000 4,330120E001
AddAttr = 0
endfacet
facet normal -5,085902E-001 5,085902E-001 6,947460E-001
vertex -3,749990E001 2,165050E001 2,499990E001
vertex -2,165050E001 1,249990E001 4,330120E001
vertex -2,165050E001 3,749990E001 2,499990E001
AddAttr = 0
endfacet
facet normal -5,085902E-001 5,085902E-001 6,947460E-001
vertex -1,249990E001 2,165050E001 4,330120E001
vertex -2,165050E001 3,749990E001 2,499990E001
vertex -2,165050E001 1,249990E001 4,330120E001
AddAttr = 0
endfacet
facet normal -1,861587E-001 6,947459E-001 6,947468E-001
vertex -2,165050E001 3,749990E001 2,499990E001
vertex -1,249990E001 2,165050E001 4,330120E001
vertex 0,000000E000 4,330120E001 2,499990E001
AddAttr = 0
endfacet
facet normal -1,861601E-001 6,947461E-001 6,947461E-001
vertex 0,000000E000 2,499990E001 4,330120E001
vertex 0,000000E000 4,330120E001 2,499990E001
vertex -1,249990E001 2,165050E001 4,330120E001
AddAttr = 0
endfacet
facet normal 1,861580E-001 6,947464E-001 6,947464E-001
vertex 0,000000E000 4,330120E001 2,499990E001
vertex 0,000000E000 2,499990E001 4,330120E001
vertex 2,165060E001 3,749990E001 2,499990E001
AddAttr = 0
endfacet
facet normal 1,861598E-001 6,947449E-001 6,947475E-001
vertex 1,249990E001 2,165050E001 4,330120E001
vertex 2,165060E001 3,749990E001 2,499990E001
vertex 0,000000E000 2,499990E001 4,330120E001
AddAttr = 0
endfacet
facet normal 5,085911E-001 5,085878E-001 6,947471E-001
vertex 2,165060E001 3,749990E001 2,499990E001
vertex 1,249990E001 2,165050E001 4,330120E001
vertex 3,749990E001 2,165050E001 2,499990E001
AddAttr = 0
endfacet
facet normal 5,085902E-001 5,085902E-001 6,947460E-001
vertex 2,165050E001 1,249990E001 4,330120E001
vertex 3,749990E001 2,165050E001 2,499990E001
vertex 1,249990E001 2,165050E001 4,330120E001
AddAttr = 0
endfacet
facet normal 6,947459E-001 1,861587E-001 6,947468E-001
vertex 3,749990E001 2,165050E001 2,499990E001
vertex 2,165050E001 1,249990E001 4,330120E001
vertex 4,330120E001 0,000000E000 2,499990E001
AddAttr = 0
endfacet
facet normal 6,947461E-001 1,861601E-001 6,947461E-001
vertex 2,499990E001 0,000000E000 4,330120E001
vertex 4,330120E001 0,000000E000 2,499990E001
vertex 2,165050E001 1,249990E001 4,330120E001
AddAttr = 0
endfacet
facet normal 2,582023E-001 -6,918639E-002 9,636103E-001
vertex 2,499990E001 0,000000E000 4,330120E001
vertex 0,000000E000 0,000000E000 5,000000E001
vertex 2,165050E001 -1,249990E001 4,330120E001
AddAttr = 0
endfacet
facet normal 1,890178E-001 -1,890178E-001 9,636102E-001
vertex 2,165050E001 -1,249990E001 4,330120E001
vertex 0,000000E000 0,000000E000 5,000000E001
vertex 1,249990E001 -2,165050E001 4,330120E001
AddAttr = 0
endfacet
facet normal 6,918639E-002 -2,582023E-001 9,636103E-001
vertex 1,249990E001 -2,165050E001 4,330120E001
vertex 0,000000E000 0,000000E000 5,000000E001
vertex 0,000000E000 -2,499990E001 4,330120E001
AddAttr = 0
endfacet
facet normal -6,918639E-002 -2,582023E-001 9,636103E-001
vertex 0,000000E000 -2,499990E001 4,330120E001
vertex 0,000000E000 0,000000E000 5,000000E001
vertex -1,249990E001 -2,165050E001 4,330120E001
AddAttr = 0
endfacet
facet normal -1,890178E-001 -1,890178E-001 9,636102E-001
vertex -1,249990E001 -2,165050E001 4,330120E001
vertex 0,000000E000 0,000000E000 5,000000E001
vertex -2,165050E001 -1,249990E001 4,330120E001
AddAttr = 0
endfacet
facet normal -2,582023E-001 -6,918639E-002 9,636103E-001
vertex -2,165050E001 -1,249990E001 4,330120E001
vertex 0,000000E000 0,000000E000 5,000000E001
vertex -2,499990E001 0,000000E000 4,330120E001
AddAttr = 0
endfacet
facet normal -2,582023E-001 6,918639E-002 9,636103E-001
vertex -2,499990E001 0,000000E000 4,330120E001
vertex 0,000000E000 0,000000E000 5,000000E001
vertex -2,165050E001 1,249990E001 4,330120E001
AddAttr = 0
endfacet
facet normal -1,890178E-001 1,890178E-001 9,636102E-001
vertex -2,165050E001 1,249990E001 4,330120E001
vertex 0,000000E000 0,000000E000 5,000000E001
vertex -1,249990E001 2,165050E001 4,330120E001
AddAttr = 0
endfacet
facet normal -6,918639E-002 2,582023E-001 9,636103E-001
vertex -1,249990E001 2,165050E001 4,330120E001
vertex 0,000000E000 0,000000E000 5,000000E001
vertex 0,000000E000 2,499990E001 4,330120E001
AddAttr = 0
endfacet
facet normal 6,918639E-002 2,582023E-001 9,636103E-001
vertex 0,000000E000 2,499990E001 4,330120E001
vertex 0,000000E000 0,000000E000 5,000000E001
vertex 1,249990E001 2,165050E001 4,330120E001
AddAttr = 0
endfacet
facet normal 1,890178E-001 1,890178E-001 9,636102E-001
vertex 1,249990E001 2,165050E001 4,330120E001
vertex 0,000000E000 0,000000E000 5,000000E001
vertex 2,165050E001 1,249990E001 4,330120E001
AddAttr = 0
endfacet
facet normal 2,582023E-001 6,918639E-002 9,636103E-001
vertex 2,165050E001 1,249990E001 4,330120E001
vertex 0,000000E000 0,000000E000 5,000000E001
vertex 2,499990E001 0,000000E000 4,330120E001
AddAttr = 0
endfacet
